2
1 1 49 50
50 1 50 49
1
1 1 50 50
2
1 1 49 50
50 1 50 49
6
1 1 45 50
49 1 50 50
47 1 47 50
46 1 46 48
48 1 48 45
48 48 48 50
4
1 1 48 50
49 1 49 49
50 1 50 45
50 48 50 50
6
1 1 44 50
47 1 50 50
45 1 45 46
45 48 45 50
46 1 46 46
46 48 46 50
1
1 1 50 50
3
1 1 49 50
50 1 50 43
50 45 50 50
6
1 1 44 50
47 1 50 50
45 1 45 45
45 47 45 50
46 1 46 48
46 50 46 50
1
1 1 50 50
3
1 1 48 50
50 1 50 50
49 1 49 49
5
1 1 48 50
49 1 49 47
49 49 49 50
50 1 50 43
50 45 50 50
3
1 1 48 50
50 1 50 50
49 1 49 49
6
1 1 47 50
49 1 49 50
48 1 48 47
48 49 48 50
50 1 50 48
50 50 50 50
1
1 1 50 50
5
1 1 48 50
49 1 49 48
49 50 49 50
50 1 50 47
50 49 50 50
3
1 1 49 50
50 1 50 40
50 42 50 50
3
1 1 49 50
50 1 50 48
50 50 50 50
2
1 1 49 50
50 1 50 48
6
1 1 47 50
50 1 50 50
48 1 48 46
48 48 48 50
49 1 49 47
49 50 49 50
4
1 1 48 50
50 1 50 50
49 1 49 44
49 46 49 50
5
1 1 47 50
49 1 49 50
48 1 48 49
50 1 50 48
50 50 50 50
1
1 1 50 50
4
1 1 45 50
47 1 50 50
46 1 46 47
46 50 46 50
1
1 1 50 50
4
1 1 43 50
45 1 50 50
44 1 44 47
44 49 44 50
2
1 1 49 50
50 1 50 49
3
1 1 41 50
43 1 50 50
42 1 42 48
2
1 1 49 50
50 1 50 49
6
1 1 44 50
48 1 50 50
46 1 46 50
45 1 45 48
47 1 47 48
47 50 47 50
2
1 1 49 50
50 1 50 48
5
1 1 48 50
49 1 49 45
49 47 49 50
50 1 50 47
50 49 50 49
2
1 1 49 50
50 1 50 49
2
1 1 49 50
50 1 50 49
3
1 1 47 50
49 1 50 50
48 1 48 49
1
1 1 50 50
5
1 1 46 50
49 1 50 50
47 1 47 49
48 1 48 48
48 50 48 50
3
1 1 45 50
47 1 50 50
46 1 46 49
2
1 1 49 50
50 1 50 49
5
1 1 48 50
49 1 49 45
49 48 49 50
50 1 50 43
50 45 50 50
3
1 1 48 50
50 1 50 50
49 1 49 49
4
1 1 48 50
50 1 50 50
49 1 49 40
49 42 49 49
3
1 1 48 50
49 1 49 49
50 1 50 49
5
1 1 47 50
50 1 50 50
48 1 48 49
49 1 49 47
49 50 49 50
4
1 1 47 50
49 1 50 50
48 1 48 45
48 47 48 50
3
1 1 48 50
50 1 50 50
49 1 49 49
2
1 1 49 50
50 1 50 49
3
1 1 49 50
50 1 50 48
50 50 50 50
2
1 1 49 50
50 1 50 49
4
1 1 49 50
50 1 50 45
50 49 50 50
50 47 50 47
2
1 1 49 50
50 1 50 49
3
1 1 46 50
48 1 50 50
47 1 47 49
3
1 1 48 50
50 1 50 50
49 1 49 49
3
1 1 49 50
50 1 50 46
50 48 50 49
4
1 1 42 50
44 1 50 50
43 1 43 46
43 48 43 50
4
1 1 48 50
49 1 49 43
49 45 49 50
50 1 50 49
4
1 1 46 50
48 1 50 50
47 1 47 47
47 49 47 50
5
1 1 47 50
50 1 50 50
48 1 48 48
49 1 49 48
49 50 49 50
4
1 1 48 50
49 1 49 48
49 50 49 50
50 1 50 48
3
1 1 43 50
45 1 50 50
44 1 44 49
2
1 1 49 50
50 1 50 49
3
1 1 49 50
50 1 50 48
50 50 50 50
3
1 1 49 50
50 1 50 43
50 45 50 50
6
1 1 42 50
46 1 50 50
44 1 44 50
43 1 43 48
45 1 45 44
45 46 45 50
5
1 1 48 50
49 1 49 45
49 47 49 50
50 1 50 48
50 50 50 50
3
1 1 49 50
50 1 50 45
50 47 50 49
2
1 1 49 50
50 1 50 48
2
1 1 49 50
50 1 50 49
3
1 1 49 50
50 1 50 47
50 49 50 49
3
1 1 49 50
50 1 50 42
50 45 50 50
6
1 1 47 50
49 1 49 50
48 1 48 49
50 1 50 46
50 50 50 50
50 48 50 48
4
1 1 45 50
48 1 50 50
46 1 46 49
47 1 47 48
3
1 1 44 50
46 1 50 50
45 1 45 49
6
1 1 47 50
50 1 50 50
48 1 48 46
48 48 48 50
49 1 49 47
49 49 49 50
4
1 1 39 50
41 1 50 50
40 1 40 44
40 46 40 50
3
1 1 46 50
48 1 50 50
47 1 47 48
3
1 1 49 50
50 1 50 44
50 47 50 50
5
1 1 48 50
49 1 49 48
49 50 49 50
50 1 50 47
50 49 50 49
4
1 1 47 50
49 1 50 50
48 1 48 47
48 49 48 50
4
1 1 42 50
44 1 50 50
43 1 43 44
43 47 43 50
4
1 1 46 50
48 1 50 50
47 1 47 47
47 49 47 49
3
1 1 45 50
47 1 50 50
46 1 46 49
4
1 1 48 50
50 1 50 50
49 1 49 45
49 47 49 50
2
1 1 49 50
50 1 50 49
3
1 1 49 50
50 1 50 47
50 49 50 50
1
1 1 50 50
3
1 1 48 50
50 1 50 50
49 1 49 49
6
1 1 44 50
47 1 50 50
45 1 45 47
45 49 45 50
46 1 46 44
46 46 46 50
5
1 1 39 50
42 1 50 50
40 1 40 43
40 45 40 50
41 1 41 48
3
1 1 49 50
50 1 50 32
50 35 50 50
5
1 1 47 50
50 1 50 50
48 1 48 49
49 1 49 47
49 49 49 50
6
1 1 47 50
50 1 50 50
48 1 48 46
48 48 48 50
49 1 49 46
49 49 49 50
3
1 1 44 50
46 1 50 50
45 1 45 49
4
1 1 48 50
50 1 50 50
49 1 49 47
49 49 49 49
3
1 1 47 50
49 1 50 50
48 1 48 49
4
1 1 49 50
50 1 50 45
50 49 50 50
50 47 50 47
2
1 1 49 50
50 1 50 49
4
1 1 48 50
50 1 50 50
49 1 49 48
49 50 49 50
5
1 1 47 50
49 1 49 50
48 1 48 46
48 48 48 50
50 1 50 49
5
1 1 48 50
50 1 50 50
49 1 49 43
49 48 49 50
49 45 49 46
5
1 1 46 50
49 1 50 50
47 1 47 49
48 1 48 46
48 48 48 50
1
1 1 50 50
2
1 1 49 50
50 1 50 49
4
1 1 48 50
49 1 49 47
49 50 49 50
50 1 50 49
2
1 1 49 50
50 1 50 48
4
1 1 49 50
50 1 50 46
50 50 50 50
50 48 50 48
4
1 1 43 50
45 1 50 50
44 1 44 47
44 50 44 50
4
1 1 47 50
49 1 50 50
48 1 48 46
48 49 48 50
2
1 1 49 50
50 1 50 49
2
1 1 49 50
50 1 50 48
1
1 1 50 50
5
1 1 48 50
49 1 49 48
49 50 49 50
50 1 50 46
50 49 50 50
7
1 1 44 50
48 1 50 50
46 1 46 50
45 1 45 31
45 34 45 50
47 1 47 45
47 48 47 50
3
1 1 46 50
48 1 50 50
47 1 47 49
3
1 1 45 50
47 1 50 50
46 1 46 49
4
1 1 48 50
49 1 49 48
50 1 50 47
50 50 50 50
4
1 1 47 50
49 1 50 50
48 1 48 48
48 50 48 50
3
1 1 49 50
50 1 50 47
50 49 50 50
6
1 1 47 50
49 1 49 50
48 1 48 47
48 49 48 49
50 1 50 47
50 49 50 50
3
1 1 49 50
50 1 50 44
50 47 50 50
3
1 1 46 50
48 1 50 50
47 1 47 49
3
1 1 49 50
50 1 50 47
50 50 50 50
6
1 1 41 50
44 1 50 50
42 1 42 38
42 40 42 50
43 1 43 48
43 50 43 50
3
1 1 49 50
50 1 50 48
50 50 50 50
4
1 1 39 50
41 1 50 50
40 1 40 48
40 50 40 50
4
1 1 47 50
49 1 49 50
48 1 48 49
50 1 50 49
3
1 1 47 50
49 1 50 50
48 1 48 49
6
1 1 43 50
47 1 50 50
45 1 45 50
44 1 44 49
46 1 46 47
46 50 46 50
4
1 1 48 50
50 1 50 50
49 1 49 46
49 48 49 50
4
1 1 48 50
49 1 49 48
49 50 49 50
50 1 50 49
4
1 1 48 50
50 1 50 50
49 1 49 48
49 50 49 50
6
1 1 46 50
49 1 50 50
47 1 47 47
47 49 47 50
48 1 48 46
48 49 48 50
4
1 1 48 50
50 1 50 50
49 1 49 45
49 47 49 50
2
1 1 49 50
50 1 50 48
2
1 1 49 50
50 1 50 49
3
1 1 48 50
50 1 50 50
49 1 49 49
6
1 1 43 50
46 1 50 50
44 1 44 46
44 48 44 50
45 1 45 46
45 48 45 50
3
1 1 49 50
50 1 50 48
50 50 50 50
5
1 1 47 50
50 1 50 50
48 1 48 49
49 1 49 48
49 50 49 50
4
1 1 48 50
50 1 50 50
49 1 49 43
49 45 49 50
3
1 1 49 50
50 1 50 46
50 49 50 50
5
1 1 48 50
49 1 49 48
49 50 49 50
50 1 50 47
50 50 50 50
5
1 1 35 50
39 1 50 50
37 1 37 50
36 1 36 49
38 1 38 48
3
1 1 48 50
50 1 50 50
49 1 49 49
1
1 1 50 50
2
1 1 49 50
50 1 50 48
3
1 1 49 50
50 1 50 47
50 50 50 50
2
1 1 49 50
50 1 50 48
3
1 1 45 50
47 1 50 50
46 1 46 49
1
1 1 50 50
3
1 1 48 50
49 1 49 49
50 1 50 49
2
1 1 49 50
50 1 50 49
3
1 1 49 50
50 1 50 46
50 49 50 50
7
1 1 46 50
50 1 50 50
48 1 48 50
47 1 47 47
47 49 47 49
49 1 49 45
49 47 49 50
1
1 1 50 50
4
1 1 47 50
49 1 50 50
48 1 48 48
48 50 48 50
1
1 1 50 50
3
1 1 47 50
49 1 50 50
48 1 48 49
4
1 1 48 50
50 1 50 50
49 1 49 42
49 45 49 50
3
1 1 48 50
49 1 49 49
50 1 50 48
6
1 1 46 50
50 1 50 50
48 1 48 50
47 1 47 49
49 1 49 47
49 49 49 50
3
1 1 49 50
50 1 50 47
50 49 50 50
5
1 1 46 50
49 1 50 50
47 1 47 47
47 50 47 50
48 1 48 49
3
1 1 49 50
50 1 50 46
50 48 50 50
3
1 1 49 50
50 1 50 48
50 50 50 50
5
1 1 45 50
48 1 50 50
46 1 46 47
46 49 46 50
47 1 47 48
2
1 1 49 50
50 1 50 49
3
1 1 48 50
50 1 50 50
49 1 49 48
3
1 1 49 50
50 1 50 48
50 50 50 50
5
1 1 47 50
49 1 49 50
48 1 48 49
50 1 50 39
50 41 50 50
4
1 1 49 50
50 1 50 39
50 46 50 50
50 41 50 44
3
1 1 49 50
50 1 50 47
50 49 50 50
1
1 1 50 50
4
1 1 46 50
48 1 50 50
47 1 47 45
47 47 47 50
7
1 1 43 50
47 1 50 50
45 1 45 50
44 1 44 48
44 50 44 50
46 1 46 47
46 50 46 50
3
1 1 48 50
50 1 50 50
49 1 49 49
6
1 1 47 50
49 1 49 50
48 1 48 46
48 48 48 49
50 1 50 46
50 49 50 50
3
1 1 49 50
50 1 50 46
50 48 50 50
6
1 1 43 50
47 1 50 50
45 1 45 50
44 1 44 48
46 1 46 48
46 50 46 50
4
1 1 43 50
45 1 50 50
44 1 44 47
44 49 44 50
1
1 1 50 50
8
1 1 42 50
46 1 50 50
44 1 44 50
43 1 43 40
43 44 43 50
43 42 43 42
45 1 45 44
45 46 45 50
3
1 1 49 50
50 1 50 47
50 49 50 49
5
1 1 42 50
45 1 50 50
43 1 43 48
44 1 44 47
44 50 44 50
7
1 1 46 50
49 1 50 50
47 1 47 47
47 49 47 50
48 1 48 42
48 46 48 50
48 44 48 44
3
1 1 49 50
50 1 50 48
50 50 50 50
5
1 1 47 50
50 1 50 50
48 1 48 49
49 1 49 48
49 50 49 50
3
1 1 49 50
50 1 50 47
50 49 50 50
3
1 1 49 50
50 1 50 47
50 49 50 50
6
1 1 43 50
46 1 50 50
44 1 44 45
44 48 44 50
45 1 45 46
45 48 45 50
4
1 1 43 50
45 1 50 50
44 1 44 38
44 40 44 50
3
1 1 49 50
50 1 50 48
50 50 50 50
2
1 1 49 50
50 1 50 48
1
1 1 50 50
1
1 1 50 50
2
1 1 49 50
50 1 50 49
3
1 1 47 50
49 1 50 50
48 1 48 49
2
1 1 49 50
50 1 50 49
2
1 1 49 50
50 1 50 49
3
1 1 39 50
41 1 50 50
40 1 40 49
8
1 1 45 50
49 1 50 50
47 1 47 50
46 1 46 43
46 47 46 50
46 45 46 45
48 1 48 47
48 49 48 50
5
1 1 47 50
50 1 50 50
48 1 48 49
49 1 49 47
49 49 49 49
5
1 1 42 50
47 1 50 50
44 1 45 50
43 1 43 48
46 1 46 49
3
1 1 49 50
50 1 50 47
50 49 50 50
3
1 1 49 50
50 1 50 46
50 48 50 50
4
1 1 40 50
43 1 50 50
41 1 41 49
42 1 42 49
4
1 1 46 50
48 1 50 50
47 1 47 47
47 50 47 50
5
1 1 46 50
48 1 50 50
47 1 47 46
47 50 47 50
47 48 47 48
2
1 1 49 50
50 1 50 49
3
1 1 47 50
49 1 50 50
48 1 48 49
3
1 1 49 50
50 1 50 47
50 49 50 50
3
1 1 49 50
50 1 50 41
50 43 50 50
1
1 1 50 50
3
1 1 49 50
50 1 50 39
50 41 50 50
5
1 1 47 50
50 1 50 50
48 1 48 49
49 1 49 45
49 48 49 50
4
1 1 47 50
49 1 50 50
48 1 48 48
48 50 48 50
3
1 1 49 50
50 1 50 45
50 47 50 50
4
1 1 48 50
49 1 49 47
49 49 49 50
50 1 50 49
5
1 1 47 50
50 1 50 50
48 1 48 49
49 1 49 48
49 50 49 50
3
1 1 49 50
50 1 50 47
50 50 50 50
1
1 1 50 50
2
1 1 49 50
50 1 50 49
4
1 1 48 50
50 1 50 50
49 1 49 45
49 47 49 50
3
1 1 49 50
50 1 50 46
50 48 50 50
6
1 1 46 50
48 1 49 50
47 1 47 47
47 50 47 50
50 1 50 45
50 47 50 49
3
1 1 45 50
47 1 50 50
46 1 46 48
4
1 1 47 50
49 1 50 50
48 1 48 47
48 49 48 50
4
1 1 48 50
50 1 50 50
49 1 49 46
49 48 49 50
3
1 1 48 50
50 1 50 50
49 1 49 48
2
1 1 49 50
50 1 50 49
3
1 1 48 50
50 1 50 50
49 1 49 49
3
1 1 42 50
44 1 50 50
43 1 43 49
4
1 1 47 50
49 1 49 50
48 1 48 49
50 1 50 48
4
1 1 47 50
49 1 50 50
48 1 48 48
48 50 48 50
2
1 1 49 50
50 1 50 49
1
1 1 50 50
7
1 1 38 50
43 1 50 50
40 1 41 50
39 1 39 40
39 42 39 50
42 1 42 47
42 50 42 50
6
1 1 47 50
50 1 50 50
48 1 48 47
48 49 48 49
49 1 49 47
49 49 49 50
6
1 1 47 50
49 1 49 50
48 1 48 46
48 50 48 50
48 48 48 48
50 1 50 49
5
1 1 48 50
49 1 49 45
49 47 49 50
50 1 50 47
50 49 50 50
4
1 1 47 50
49 1 50 50
48 1 48 47
48 49 48 50
2
1 1 49 50
50 1 50 49
5
1 1 46 50
49 1 50 50
47 1 47 49
48 1 48 42
48 45 48 50
3
1 1 48 50
50 1 50 50
49 1 49 49
4
1 1 45 50
47 1 50 50
46 1 46 48
46 50 46 50
3
1 1 49 50
50 1 50 48
50 50 50 50
2
1 1 49 50
50 1 50 48
4
1 1 46 50
48 1 50 50
47 1 47 44
47 46 47 50
1
1 1 50 50
3
1 1 49 50
50 1 50 47
50 49 50 50
4
1 1 48 50
50 1 50 50
49 1 49 44
49 46 49 50
5
1 1 46 50
49 1 50 50
47 1 47 49
48 1 48 45
48 47 48 50
1
1 1 50 50
5
1 1 46 50
48 1 49 50
47 1 47 49
50 1 50 47
50 49 50 50
4
1 1 48 50
50 1 50 50
49 1 49 44
49 46 49 50
7
1 1 45 50
48 1 50 50
46 1 46 46
46 50 46 50
46 48 46 48
47 1 47 46
47 48 47 50
5
1 1 48 50
49 1 49 48
49 50 49 50
50 1 50 46
50 48 50 50
1
1 1 50 50
3
1 1 49 50
50 1 50 46
50 49 50 50
3
1 1 47 50
49 1 50 50
48 1 48 49
5
1 1 48 50
50 1 50 50
49 1 49 45
49 50 49 50
49 47 49 48
7
1 1 47 50
50 1 50 50
48 1 48 46
48 50 48 50
48 48 48 48
49 1 49 35
49 38 49 50
3
1 1 41 50
43 1 50 50
42 1 42 49
3
1 1 47 50
49 1 50 50
48 1 48 49
3
1 1 46 50
48 1 50 50
47 1 47 48
4
1 1 46 50
48 1 50 50
47 1 47 46
47 49 47 50
2
1 1 49 50
50 1 50 48
5
1 1 48 50
49 1 49 47
49 50 49 50
50 1 50 41
50 43 50 50
4
1 1 43 50
45 1 50 50
44 1 44 47
44 49 44 49
2
1 1 49 50
50 1 50 48
4
1 1 40 50
42 1 50 50
41 1 41 46
41 48 41 50
3
1 1 46 50
48 1 50 50
47 1 47 49
2
1 1 49 50
50 1 50 48
6
1 1 45 50
49 1 50 50
47 1 47 50
46 1 46 49
48 1 48 47
48 49 48 50
6
1 1 46 50
50 1 50 50
48 1 48 50
47 1 47 49
49 1 49 47
49 50 49 50
5
1 1 47 50
50 1 50 50
48 1 48 47
48 50 48 50
49 1 49 49
6
1 1 40 50
44 1 50 50
42 1 42 50
41 1 41 49
43 1 43 48
43 50 43 50
4
1 1 47 50
49 1 50 50
48 1 48 47
48 49 48 50
4
1 1 47 50
50 1 50 50
48 1 48 48
49 1 49 49
5
1 1 46 50
49 1 50 50
47 1 47 46
47 48 47 50
48 1 48 49
6
1 1 47 50
49 1 49 50
48 1 48 49
50 1 50 40
50 44 50 50
50 42 50 42
3
1 1 46 50
48 1 50 50
47 1 47 49
5
1 1 46 50
49 1 50 50
47 1 47 46
47 48 47 50
48 1 48 49
1
1 1 50 50
5
1 1 47 50
50 1 50 50
48 1 48 44
48 46 48 50
49 1 49 49
4
1 1 43 50
46 1 50 50
44 1 44 49
45 1 45 49
2
1 1 49 50
50 1 50 49
3
1 1 48 50
50 1 50 50
49 1 49 48
5
1 1 43 50
46 1 50 50
44 1 44 47
44 49 44 49
45 1 45 48
3
1 1 48 50
49 1 49 49
50 1 50 49
1
1 1 50 50
6
1 1 44 50
49 1 50 50
46 1 47 50
45 1 45 49
48 1 48 44
48 47 48 50
4
1 1 47 50
49 1 50 50
48 1 48 45
48 48 48 50
3
1 1 49 50
50 1 50 48
50 50 50 50
3
1 1 49 50
50 1 50 47
50 49 50 50
3
1 1 49 50
50 1 50 42
50 44 50 50
4
1 1 47 50
49 1 50 50
48 1 48 46
48 49 48 50
3
1 1 49 50
50 1 50 47
50 49 50 50
5
1 1 48 50
49 1 49 47
49 49 49 50
50 1 50 47
50 50 50 50
3
1 1 49 50
50 1 50 45
50 48 50 50
5
1 1 48 50
49 1 49 47
49 49 49 49
50 1 50 47
50 49 50 49
1
1 1 50 50
4
1 1 47 50
49 1 50 50
48 1 48 46
48 49 48 50
4
1 1 47 50
49 1 50 50
48 1 48 44
48 46 48 50
3
1 1 49 50
50 1 50 47
50 50 50 50
3
1 1 49 50
50 1 50 46
50 48 50 50
1
1 1 50 50
2
1 1 49 50
50 1 50 49
3
1 1 45 50
47 1 50 50
46 1 46 48
3
1 1 43 50
45 1 50 50
44 1 44 49
4
1 1 48 50
50 1 50 50
49 1 49 44
49 46 49 50
7
1 1 46 50
50 1 50 50
48 1 48 50
47 1 47 49
49 1 49 44
49 50 49 50
49 46 49 48
7
1 1 47 50
50 1 50 50
48 1 48 47
48 49 48 49
49 1 49 45
49 49 49 50
49 47 49 47
2
1 1 49 50
50 1 50 48
3
1 1 49 50
50 1 50 45
50 47 50 49
5
1 1 47 50
49 1 50 50
48 1 48 44
48 48 48 50
48 46 48 46
5
1 1 47 50
50 1 50 50
48 1 48 49
49 1 49 41
49 43 49 50
2
1 1 49 50
50 1 50 49
1
1 1 50 50
6
1 1 45 50
49 1 50 50
47 1 47 50
46 1 46 49
48 1 48 45
48 47 48 50
3
1 1 45 50
47 1 50 50
46 1 46 49
3
1 1 49 50
50 1 50 44
50 46 50 50
3
1 1 49 50
50 1 50 47
50 49 50 49
6
1 1 46 50
48 1 49 50
47 1 47 47
47 49 47 50
50 1 50 41
50 43 50 50
4
1 1 48 50
50 1 50 50
49 1 49 47
49 50 49 50
6
1 1 46 50
48 1 49 50
47 1 47 48
47 50 47 50
50 1 50 46
50 48 50 50
1
1 1 50 50
2
1 1 49 50
50 1 50 49
4
1 1 48 50
50 1 50 50
49 1 49 42
49 44 49 50
7
1 1 42 50
49 1 50 50
44 1 47 50
43 1 43 47
43 49 43 50
48 1 48 47
48 50 48 50
2
1 1 49 50
50 1 50 49
2
1 1 49 50
50 1 50 49
1
1 1 50 50
3
1 1 49 50
50 1 50 47
50 49 50 50
4
1 1 48 50
49 1 49 46
49 48 49 50
50 1 50 49
5
1 1 47 50
50 1 50 50
48 1 48 49
49 1 49 44
49 47 49 50
2
1 1 49 50
50 1 50 48
2
1 1 49 50
50 1 50 49
2
1 1 49 50
50 1 50 49
4
1 1 48 50
49 1 49 45
49 47 49 49
50 1 50 49
3
1 1 49 50
50 1 50 46
50 48 50 50
2
1 1 49 50
50 1 50 49
3
1 1 49 50
50 1 50 47
50 49 50 49
1
1 1 50 50
3
1 1 48 50
49 1 49 49
50 1 50 48
6
1 1 46 50
49 1 50 50
47 1 47 45
47 47 47 50
48 1 48 43
48 45 48 50
2
1 1 49 50
50 1 50 48
3
1 1 49 50
50 1 50 45
50 48 50 50
4
1 1 49 50
50 1 50 44
50 49 50 50
50 46 50 47
6
1 1 46 50
48 1 49 50
47 1 47 47
47 50 47 50
50 1 50 47
50 49 50 50
5
1 1 45 50
48 1 50 50
46 1 46 49
47 1 47 47
47 49 47 49
7
1 1 43 50
50 1 50 50
45 1 48 50
44 1 44 46
44 49 44 50
49 1 49 47
49 49 49 49
3
1 1 49 50
50 1 50 46
50 48 50 50
6
1 1 47 50
49 1 49 50
48 1 48 49
50 1 50 42
50 49 50 50
50 44 50 47
3
1 1 46 50
48 1 50 50
47 1 47 49
5
1 1 48 50
49 1 49 47
49 49 49 50
50 1 50 45
50 48 50 50
6
1 1 48 50
49 1 49 42
49 46 49 50
49 44 49 44
50 1 50 45
50 48 50 50
4
1 1 47 50
49 1 50 50
48 1 48 48
48 50 48 50
3
1 1 49 50
50 1 50 46
50 49 50 50
6
1 1 46 50
50 1 50 50
48 1 48 50
47 1 47 48
47 50 47 50
49 1 49 49
6
1 1 39 50
44 1 50 50
41 1 42 50
40 1 40 46
40 48 40 50
43 1 43 49
3
1 1 49 50
50 1 50 44
50 46 50 50
9
1 1 46 50
50 1 50 50
48 1 48 50
47 1 47 46
47 50 47 50
47 48 47 48
49 1 49 38
49 45 49 50
49 40 49 43
6
1 1 41 50
45 1 50 50
43 1 43 50
42 1 42 47
42 49 42 49
44 1 44 49
4
1 1 48 50
50 1 50 50
49 1 49 45
49 47 49 50
4
1 1 48 50
49 1 49 48
50 1 50 48
50 50 50 50
4
1 1 47 50
49 1 50 50
48 1 48 45
48 47 48 49
3
1 1 49 50
50 1 50 43
50 45 50 50
1
1 1 50 50
5
1 1 47 50
49 1 49 50
48 1 48 43
48 46 48 50
50 1 50 49
6
1 1 45 50
48 1 50 50
46 1 46 47
46 49 46 50
47 1 47 47
47 49 47 50
4
1 1 46 50
48 1 50 50
47 1 47 47
47 49 47 50
3
1 1 47 50
49 1 50 50
48 1 48 49
3
1 1 46 50
48 1 50 50
47 1 47 49
3
1 1 49 50
50 1 50 38
50 40 50 50
7
1 1 41 50
47 1 50 50
43 1 45 50
42 1 42 48
42 50 42 50
46 1 46 44
46 46 46 50
5
1 1 47 50
50 1 50 50
48 1 48 48
49 1 49 48
49 50 49 50
2
1 1 49 50
50 1 50 49
5
1 1 46 50
49 1 50 50
47 1 47 47
47 49 47 50
48 1 48 49
4
1 1 48 50
50 1 50 50
49 1 49 47
49 50 49 50
3
1 1 48 50
50 1 50 50
49 1 49 49
4
1 1 46 50
48 1 50 50
47 1 47 45
47 48 47 50
7
1 1 47 50
49 1 49 50
48 1 48 44
48 48 48 50
48 46 48 46
50 1 50 46
50 48 50 50
3
1 1 48 50
49 1 49 49
50 1 50 49
4
1 1 48 50
50 1 50 50
49 1 49 47
49 50 49 50
1
1 1 50 50
4
1 1 48 50
50 1 50 50
49 1 49 45
49 47 49 50
3
1 1 48 50
50 1 50 50
49 1 49 49
3
1 1 48 50
50 1 50 50
49 1 49 48
2
1 1 49 50
50 1 50 49
2
1 1 49 50
50 1 50 49
2
1 1 49 50
50 1 50 49
1
1 1 50 50
4
1 1 47 50
50 1 50 50
48 1 48 48
49 1 49 49
5
1 1 41 50
43 1 50 50
42 1 42 42
42 46 42 50
42 44 42 44
5
1 1 46 50
50 1 50 50
48 1 48 50
47 1 47 49
49 1 49 49
7
1 1 45 50
48 1 50 50
46 1 46 47
46 49 46 49
47 1 47 45
47 49 47 50
47 47 47 47
4
1 1 48 50
50 1 50 50
49 1 49 43
49 45 49 50
4
1 1 46 50
48 1 50 50
47 1 47 47
47 50 47 50
3
1 1 48 50
50 1 50 50
49 1 49 49
