5
1 1 98 100
99 1 99 96
99 99 99 100
100 1 100 92
100 95 100 100
5
1 1 97 100
99 1 99 100
98 1 98 98
100 1 100 97
100 100 100 100
5
1 1 96 100
99 1 100 100
97 1 97 97
97 99 97 99
98 1 98 99
7
1 1 92 100
96 1 100 100
94 1 94 100
93 1 93 99
95 1 95 93
95 99 95 100
95 95 95 97
3
1 1 98 100
100 1 100 100
99 1 99 99
2
1 1 99 100
100 1 100 99
4
1 1 94 100
97 1 100 100
95 1 95 98
96 1 96 99
5
1 1 97 100
100 1 100 100
98 1 98 98
99 1 99 97
99 99 99 100
3
1 1 98 100
100 1 100 100
99 1 99 99
3
1 1 94 100
96 1 100 100
95 1 95 99
3
1 1 98 100
99 1 99 99
100 1 100 98
3
1 1 99 100
100 1 100 97
100 99 100 100
1
1 1 100 100
6
1 1 97 100
100 1 100 100
98 1 98 97
98 99 98 100
99 1 99 97
99 99 99 100
5
1 1 98 100
99 1 99 93
99 95 99 100
100 1 100 98
100 100 100 100
3
1 1 98 100
100 1 100 100
99 1 99 99
5
1 1 94 100
97 1 100 100
95 1 95 96
95 99 95 100
96 1 96 98
5
1 1 97 100
100 1 100 100
98 1 98 97
98 99 98 99
99 1 99 99
3
1 1 97 100
99 1 100 100
98 1 98 98
6
1 1 89 100
92 1 100 100
90 1 90 99
91 1 91 96
91 100 91 100
91 98 91 98
3
1 1 98 100
99 1 99 99
100 1 100 99
4
1 1 95 100
97 1 100 100
96 1 96 94
96 96 96 100
6
1 1 92 100
97 1 100 100
94 1 95 100
93 1 93 94
93 96 93 100
96 1 96 99
5
1 1 94 100
98 1 100 100
96 1 96 100
95 1 95 99
97 1 97 98
2
1 1 99 100
100 1 100 99
7
1 1 97 100
99 1 99 100
98 1 98 97
98 99 98 100
100 1 100 96
100 100 100 100
100 98 100 98
1
1 1 100 100
4
1 1 98 100
99 1 99 99
100 1 100 97
100 99 100 100
6
1 1 97 100
99 1 99 100
98 1 98 98
98 100 98 100
100 1 100 98
100 100 100 100
4
1 1 90 100
92 1 100 100
91 1 91 97
91 99 91 100
3
1 1 99 100
100 1 100 94
100 96 100 100
2
1 1 99 100
100 1 100 99
4
1 1 97 100
100 1 100 100
98 1 98 98
99 1 99 98
3
1 1 98 100
100 1 100 100
99 1 99 99
1
1 1 100 100
5
1 1 98 100
99 1 99 97
99 99 99 99
100 1 100 96
100 98 100 100
5
1 1 96 100
99 1 100 100
97 1 97 98
97 100 97 100
98 1 98 98
3
1 1 87 100
89 1 100 100
88 1 88 99
3
1 1 97 100
99 1 100 100
98 1 98 99
3
1 1 94 100
96 1 100 100
95 1 95 99
3
1 1 97 100
99 1 100 100
98 1 98 98
2
1 1 99 100
100 1 100 99
4
1 1 98 100
99 1 99 99
100 1 100 98
100 100 100 100
2
1 1 99 100
100 1 100 99
4
1 1 95 100
97 1 100 100
96 1 96 96
96 98 96 100
3
1 1 96 100
98 1 100 100
97 1 97 98
3
1 1 98 100
100 1 100 100
99 1 99 99
5
1 1 93 100
99 1 100 100
95 1 97 100
94 1 94 99
98 1 98 99
3
1 1 93 100
95 1 100 100
94 1 94 98
6
1 1 97 100
99 1 99 100
98 1 98 96
98 98 98 100
100 1 100 93
100 96 100 100
4
1 1 97 100
99 1 99 100
98 1 98 99
100 1 100 98
3
1 1 99 100
100 1 100 94
100 96 100 100
4
1 1 98 100
99 1 99 98
99 100 99 100
100 1 100 99
4
1 1 98 100
100 1 100 100
99 1 99 96
99 98 99 99
4
1 1 96 100
98 1 100 100
97 1 97 97
97 99 97 99
6
1 1 92 100
97 1 100 100
94 1 95 100
93 1 93 98
93 100 93 100
96 1 96 99
1
1 1 100 100
3
1 1 96 100
98 1 100 100
97 1 97 99
2
1 1 99 100
100 1 100 99
4
1 1 89 100
91 1 100 100
90 1 90 93
90 95 90 100
3
1 1 95 100
97 1 100 100
96 1 96 98
3
1 1 97 100
99 1 100 100
98 1 98 99
6
1 1 97 100
100 1 100 100
98 1 98 95
98 98 98 100
99 1 99 92
99 94 99 100
5
1 1 90 100
93 1 100 100
91 1 91 99
92 1 92 96
92 98 92 100
3
1 1 99 100
100 1 100 97
100 99 100 99
3
1 1 98 100
100 1 100 100
99 1 99 99
3
1 1 97 100
99 1 100 100
98 1 98 99
6
1 1 92 100
96 1 100 100
94 1 94 100
93 1 93 99
95 1 95 96
95 98 95 100
1
1 1 100 100
6
1 1 97 100
100 1 100 100
98 1 98 95
98 97 98 100
99 1 99 96
99 99 99 100
1
1 1 100 100
4
1 1 98 100
99 1 99 99
100 1 100 96
100 98 100 100
1
1 1 100 100
4
1 1 98 100
99 1 99 99
100 1 100 98
100 100 100 100
3
1 1 99 100
100 1 100 98
100 100 100 100
4
1 1 98 100
99 1 99 99
100 1 100 97
100 100 100 100
5
1 1 89 100
92 1 100 100
90 1 90 99
91 1 91 97
91 99 91 100
2
1 1 99 100
100 1 100 98
2
1 1 99 100
100 1 100 99
5
1 1 98 100
99 1 99 98
99 100 99 100
100 1 100 97
100 99 100 99
4
1 1 99 100
100 1 100 95
100 99 100 100
100 97 100 97
4
1 1 91 100
93 1 100 100
92 1 92 98
92 100 92 100
3
1 1 99 100
100 1 100 97
100 99 100 100
6
1 1 88 100
91 1 100 100
89 1 89 98
89 100 89 100
90 1 90 96
90 98 90 99
1
1 1 100 100
2
1 1 99 100
100 1 100 99
3
1 1 94 100
96 1 100 100
95 1 95 98
2
1 1 99 100
100 1 100 99
3
1 1 99 100
100 1 100 97
100 99 100 100
6
1 1 97 100
100 1 100 100
98 1 98 95
98 97 98 100
99 1 99 97
99 100 99 100
6
1 1 96 100
99 1 100 100
97 1 97 98
97 100 97 100
98 1 98 96
98 98 98 100
4
1 1 98 100
99 1 99 98
99 100 99 100
100 1 100 98
4
1 1 98 100
100 1 100 100
99 1 99 97
99 99 99 100
2
1 1 99 100
100 1 100 99
3
1 1 98 100
100 1 100 100
99 1 99 99
5
1 1 97 100
100 1 100 100
98 1 98 98
99 1 99 92
99 94 99 100
2
1 1 99 100
100 1 100 98
5
1 1 98 100
99 1 99 96
99 98 99 100
100 1 100 97
100 100 100 100
7
1 1 95 100
99 1 100 100
97 1 97 100
96 1 96 96
96 99 96 100
98 1 98 92
98 94 98 100
4
1 1 97 100
99 1 100 100
98 1 98 96
98 98 98 100
