3
1 1 199 200
200 1 200 197
200 199 200 200
2
1 1 199 200
200 1 200 199
4
1 1 197 200
200 1 200 200
198 1 198 199
199 1 199 199
3
1 1 199 200
200 1 200 193
200 195 200 200
3
1 1 199 200
200 1 200 198
200 200 200 200
3
1 1 199 200
200 1 200 197
200 199 200 200
3
1 1 199 200
200 1 200 197
200 199 200 200
4
1 1 198 200
199 1 199 198
200 1 200 198
200 200 200 200
4
1 1 198 200
199 1 199 197
199 199 199 200
200 1 200 198
2
1 1 199 200
200 1 200 199
6
1 1 193 200
197 1 200 200
195 1 195 200
194 1 194 199
196 1 196 197
196 199 196 199
4
1 1 198 200
200 1 200 200
199 1 199 196
199 199 199 200
5
1 1 197 200
199 1 199 200
198 1 198 198
200 1 200 196
200 198 200 200
6
1 1 195 200
198 1 200 200
196 1 196 191
196 195 196 200
196 193 196 193
197 1 197 199
4
1 1 198 200
200 1 200 200
199 1 199 198
199 200 199 200
4
1 1 198 200
200 1 200 200
199 1 199 197
199 200 199 200
2
1 1 199 200
200 1 200 199
2
1 1 199 200
200 1 200 198
6
1 1 196 200
199 1 200 200
197 1 197 197
197 199 197 199
198 1 198 196
198 199 198 200
4
1 1 193 200
195 1 200 200
194 1 194 197
194 199 194 200
4
1 1 198 200
200 1 200 200
199 1 199 198
199 200 199 200
2
1 1 199 200
200 1 200 199
3
1 1 199 200
200 1 200 197
200 199 200 200
1
1 1 200 200
4
1 1 198 200
199 1 199 197
199 199 199 200
200 1 200 199
