2
1 1 99 500
100 1 100 499
4
1 1 96 500
98 1 100 500
97 1 97 497
97 499 97 500
4
1 1 98 500
99 1 99 498
100 1 100 496
100 498 100 499
2
1 1 99 500
100 1 100 499
3
1 1 99 500
100 1 100 495
100 498 100 500
1
1 1 100 500
5
1 1 96 500
99 1 100 500
97 1 97 497
97 500 97 500
98 1 98 499
4
1 1 98 500
100 1 100 500
99 1 99 498
99 500 99 500
3
1 1 99 500
100 1 100 497
100 499 100 500
3
1 1 98 500
100 1 100 500
99 1 99 498
4
1 1 94 500
97 1 100 500
95 1 95 499
96 1 96 499
1
1 1 100 500
3
1 1 94 500
96 1 100 500
95 1 95 499
4
1 1 98 500
99 1 99 499
100 1 100 479
100 481 100 500
6
1 1 95 500
98 1 100 500
96 1 96 497
96 499 96 500
97 1 97 497
97 499 97 499
1
1 1 100 500
4
1 1 97 500
99 1 100 500
98 1 98 498
98 500 98 500
4
1 1 98 500
99 1 99 498
100 1 100 492
100 494 100 500
3
1 1 99 500
100 1 100 496
100 499 100 500
7
1 1 96 500
100 1 100 500
98 1 98 500
97 1 97 497
97 499 97 500
99 1 99 496
99 498 99 499
