3
1 1 69 100
70 1 70 97
70 100 70 100
5
1 1 66 100
69 1 70 100
67 1 67 99
68 1 68 97
68 100 68 100
3
1 1 69 100
70 1 70 98
70 100 70 100
5
1 1 68 100
69 1 69 96
69 98 69 100
70 1 70 96
70 98 70 100
3
1 1 63 100
65 1 70 100
64 1 64 98
4
1 1 67 100
69 1 70 100
68 1 68 92
68 94 68 100
7
1 1 65 100
69 1 70 100
67 1 67 100
66 1 66 90
66 93 66 100
68 1 68 97
68 100 68 100
4
1 1 67 100
69 1 69 100
68 1 68 98
70 1 70 99
5
1 1 67 100
69 1 70 100
68 1 68 95
68 99 68 100
68 97 68 97
5
1 1 67 100
69 1 69 100
68 1 68 96
68 99 68 100
70 1 70 99
3
1 1 67 100
69 1 70 100
68 1 68 99
5
1 1 68 100
69 1 69 94
69 96 69 100
70 1 70 96
70 98 70 99
2
1 1 69 100
70 1 70 98
4
1 1 67 100
69 1 70 100
68 1 68 98
68 100 68 100
3
1 1 69 100
70 1 70 95
70 97 70 100
2
1 1 69 100
70 1 70 99
1
1 1 70 100
5
1 1 67 100
69 1 69 100
68 1 68 98
70 1 70 97
70 99 70 100
4
1 1 68 100
69 1 69 99
70 1 70 96
70 99 70 100
2
1 1 69 100
70 1 70 99
3
1 1 67 100
69 1 70 100
68 1 68 99
7
1 1 64 100
67 1 70 100
65 1 65 93
65 96 65 100
66 1 66 94
66 98 66 100
66 96 66 96
4
1 1 68 100
70 1 70 100
69 1 69 97
69 99 69 99
2
1 1 69 100
70 1 70 99
3
1 1 68 100
70 1 70 100
69 1 69 99
5
1 1 66 100
69 1 70 100
67 1 67 95
67 97 67 100
68 1 68 99
2
1 1 69 100
70 1 70 99
3
1 1 69 100
70 1 70 98
70 100 70 100
2
1 1 69 100
70 1 70 99
3
1 1 66 100
68 1 70 100
67 1 67 99
5
1 1 68 100
69 1 69 95
69 97 69 100
70 1 70 96
70 98 70 100
3
1 1 68 100
69 1 69 98
70 1 70 98
3
1 1 69 100
70 1 70 96
70 99 70 100
5
1 1 63 100
66 1 70 100
64 1 64 97
64 99 64 100
65 1 65 99
1
1 1 70 100
3
1 1 68 100
70 1 70 100
69 1 69 99
4
1 1 69 100
70 1 70 93
70 99 70 100
70 95 70 97
4
1 1 69 100
70 1 70 91
70 96 70 100
70 93 70 94
5
1 1 68 100
69 1 69 97
69 99 69 100
70 1 70 92
70 95 70 100
3
1 1 68 100
70 1 70 100
69 1 69 99
2
1 1 69 100
70 1 70 99
2
1 1 69 100
70 1 70 98
3
1 1 69 100
70 1 70 93
70 96 70 100
4
1 1 66 100
68 1 70 100
67 1 67 95
67 97 67 100
4
1 1 68 100
69 1 69 99
70 1 70 95
70 97 70 100
3
1 1 61 100
63 1 70 100
62 1 62 99
4
1 1 65 100
67 1 70 100
66 1 66 97
66 99 66 99
3
1 1 69 100
70 1 70 98
70 100 70 100
3
1 1 60 100
62 1 70 100
61 1 61 99
3
1 1 65 100
67 1 70 100
66 1 66 99
4
1 1 68 100
69 1 69 98
70 1 70 96
70 99 70 100
3
1 1 67 100
69 1 70 100
68 1 68 99
5
1 1 65 100
68 1 70 100
66 1 66 99
67 1 67 96
67 98 67 100
4
1 1 69 100
70 1 70 87
70 92 70 100
70 89 70 90
3
1 1 68 100
70 1 70 100
69 1 69 98
5
1 1 66 100
69 1 70 100
67 1 67 90
67 92 67 100
68 1 68 99
2
1 1 69 100
70 1 70 99
4
1 1 68 100
70 1 70 100
69 1 69 98
69 100 69 100
3
1 1 66 100
68 1 70 100
67 1 67 99
5
1 1 65 100
68 1 70 100
66 1 66 99
67 1 67 98
67 100 67 100
4
1 1 68 100
70 1 70 100
69 1 69 97
69 99 69 99
4
1 1 68 100
69 1 69 97
69 99 69 99
70 1 70 99
4
1 1 69 100
70 1 70 87
70 91 70 100
70 89 70 89
3
1 1 68 100
69 1 69 99
70 1 70 99
2
1 1 69 100
70 1 70 99
2
1 1 69 100
70 1 70 99
6
1 1 65 100
69 1 70 100
67 1 67 100
66 1 66 94
66 97 66 100
68 1 68 99
2
1 1 69 100
70 1 70 99
3
1 1 68 100
69 1 69 98
70 1 70 99
1
1 1 70 100
5
1 1 68 100
69 1 69 97
69 99 69 100
70 1 70 95
70 97 70 100
3
1 1 60 100
62 1 70 100
61 1 61 98
6
1 1 65 100
68 1 70 100
66 1 66 96
66 98 66 100
67 1 67 96
67 98 67 100
1
1 1 70 100
4
1 1 64 100
66 1 70 100
65 1 65 98
65 100 65 100
4
1 1 62 100
64 1 70 100
63 1 63 95
63 97 63 100
3
1 1 69 100
70 1 70 94
70 96 70 100
2
1 1 69 100
70 1 70 99
3
1 1 69 100
70 1 70 96
70 98 70 100
3
1 1 69 100
70 1 70 98
70 100 70 100
6
1 1 68 100
69 1 69 96
69 100 69 100
69 98 69 98
70 1 70 95
70 97 70 100
3
1 1 63 100
65 1 70 100
64 1 64 99
1
1 1 70 100
5
1 1 68 100
69 1 69 98
69 100 69 100
70 1 70 97
70 99 70 99
3
1 1 69 100
70 1 70 96
70 98 70 99
4
1 1 68 100
69 1 69 99
70 1 70 98
70 100 70 100
3
1 1 69 100
70 1 70 94
70 96 70 100
3
1 1 69 100
70 1 70 96
70 99 70 100
6
1 1 67 100
70 1 70 100
68 1 68 96
68 98 68 100
69 1 69 98
69 100 69 100
5
1 1 62 100
64 1 70 100
63 1 63 87
63 91 63 100
63 89 63 89
2
1 1 69 100
70 1 70 99
3
1 1 69 100
70 1 70 98
70 100 70 100
6
1 1 59 100
62 1 70 100
60 1 60 99
61 1 61 94
61 98 61 100
61 96 61 96
4
1 1 68 100
70 1 70 100
69 1 69 98
69 100 69 100
6
1 1 65 100
68 1 70 100
66 1 66 91
66 93 66 100
67 1 67 96
67 98 67 100
4
1 1 67 100
70 1 70 100
68 1 68 98
69 1 69 99
6
1 1 62 100
67 1 70 100
64 1 65 100
63 1 63 98
66 1 66 98
66 100 66 100
3
1 1 69 100
70 1 70 96
70 98 70 99
5
1 1 66 100
68 1 69 100
67 1 67 99
70 1 70 96
70 98 70 100
6
1 1 65 100
69 1 70 100
67 1 67 100
66 1 66 99
68 1 68 90
68 92 68 100
4
1 1 68 100
70 1 70 100
69 1 69 92
69 94 69 100
1
1 1 70 100
1
1 1 70 100
4
1 1 69 100
70 1 70 96
70 100 70 100
70 98 70 98
3
1 1 69 100
70 1 70 98
70 100 70 100
3
1 1 67 100
69 1 70 100
68 1 68 99
4
1 1 69 100
70 1 70 95
70 99 70 100
70 97 70 97
3
1 1 69 100
70 1 70 98
70 100 70 100
4
1 1 65 100
67 1 70 100
66 1 66 97
66 99 66 100
4
1 1 66 100
69 1 70 100
67 1 67 98
68 1 68 99
6
1 1 66 100
68 1 69 100
67 1 67 98
67 100 67 100
70 1 70 95
70 98 70 100
4
1 1 68 100
70 1 70 100
69 1 69 98
69 100 69 100
2
1 1 69 100
70 1 70 98
3
1 1 67 100
69 1 70 100
68 1 68 99
3
1 1 69 100
70 1 70 98
70 100 70 100
3
1 1 66 100
68 1 70 100
67 1 67 99
4
1 1 68 100
70 1 70 100
69 1 69 97
69 100 69 100
2
1 1 69 100
70 1 70 98
3
1 1 69 100
70 1 70 98
70 100 70 100
4
1 1 68 100
70 1 70 100
69 1 69 96
69 98 69 100
4
1 1 65 100
67 1 70 100
66 1 66 96
66 99 66 100
1
1 1 70 100
5
1 1 68 100
69 1 69 96
69 99 69 100
70 1 70 97
70 99 70 99
2
1 1 69 100
70 1 70 99
6
1 1 66 100
69 1 70 100
67 1 67 99
68 1 68 95
68 99 68 100
68 97 68 97
7
1 1 59 100
66 1 70 100
61 1 64 100
60 1 60 97
60 99 60 100
65 1 65 89
65 92 65 100
1
1 1 70 100
4
1 1 68 100
70 1 70 100
69 1 69 94
69 96 69 100
2
1 1 69 100
70 1 70 98
3
1 1 69 100
70 1 70 96
70 98 70 100
3
1 1 68 100
70 1 70 100
69 1 69 99
3
1 1 69 100
70 1 70 91
70 94 70 100
4
1 1 68 100
69 1 69 97
69 99 69 99
70 1 70 98
3
1 1 64 100
66 1 70 100
65 1 65 99
3
1 1 69 100
70 1 70 98
70 100 70 100
5
1 1 66 100
69 1 70 100
67 1 67 95
67 97 67 100
68 1 68 99
3
1 1 69 100
70 1 70 98
70 100 70 100
2
1 1 69 100
70 1 70 99
4
1 1 69 100
70 1 70 92
70 96 70 100
70 94 70 94
4
1 1 68 100
69 1 69 98
70 1 70 97
70 99 70 100
4
1 1 68 100
69 1 69 95
69 97 69 100
70 1 70 99
3
1 1 68 100
70 1 70 100
69 1 69 98
3
1 1 56 94
58 1 63 94
57 1 57 92
