1
1 1 50 40
6
1 1 43 40
47 1 50 40
45 1 45 40
44 1 44 39
46 1 46 32
46 35 46 40
3
1 1 48 40
49 1 49 38
50 1 50 38
3
1 1 41 40
43 1 50 40
42 1 42 39
3
1 1 48 40
50 1 50 40
49 1 49 38
4
1 1 45 40
47 1 50 40
46 1 46 33
46 35 46 40
4
1 1 48 40
50 1 50 40
49 1 49 33
49 35 49 40
5
1 1 48 40
50 1 50 40
49 1 49 32
49 36 49 40
49 34 49 34
3
1 1 44 40
46 1 50 40
45 1 45 39
3
1 1 49 40
50 1 50 35
50 37 50 40
3
1 1 49 40
50 1 50 35
50 37 50 40
1
1 1 50 40
3
1 1 49 40
50 1 50 37
50 40 50 40
5
1 1 44 40
47 1 50 40
45 1 45 35
45 37 45 40
46 1 46 39
3
1 1 48 40
50 1 50 40
49 1 49 39
3
1 1 44 40
46 1 50 40
45 1 45 38
3
1 1 48 40
49 1 49 39
50 1 50 39
4
1 1 47 40
49 1 50 40
48 1 48 37
48 39 48 39
7
1 1 44 40
48 1 50 40
46 1 46 40
45 1 45 34
45 37 45 40
47 1 47 34
47 37 47 40
3
1 1 49 40
50 1 50 33
50 35 50 40
2
1 1 49 40
50 1 50 39
4
1 1 47 40
49 1 50 40
48 1 48 35
48 37 48 40
2
1 1 49 40
50 1 50 38
2
1 1 49 40
50 1 50 39
4
1 1 47 40
49 1 50 40
48 1 48 35
48 37 48 40
4
1 1 48 40
50 1 50 40
49 1 49 38
49 40 49 40
4
1 1 46 40
48 1 50 40
47 1 47 32
47 35 47 40
4
1 1 48 40
49 1 49 36
49 38 49 40
50 1 50 38
2
1 1 49 40
50 1 50 38
3
1 1 49 40
50 1 50 38
50 40 50 40
2
1 1 49 40
50 1 50 39
5
1 1 47 40
49 1 50 40
48 1 48 35
48 40 48 40
48 37 48 38
1
1 1 50 40
3
1 1 49 40
50 1 50 38
50 40 50 40
4
1 1 48 40
49 1 49 38
49 40 49 40
50 1 50 39
8
1 1 42 40
47 1 50 40
44 1 45 40
43 1 43 36
43 38 43 39
46 1 46 34
46 39 46 40
46 36 46 37
4
1 1 48 40
50 1 50 40
49 1 49 29
49 31 49 40
1
1 1 50 40
6
1 1 41 40
49 1 50 40
43 1 47 40
42 1 42 34
42 36 42 40
48 1 48 39
4
1 1 48 40
49 1 49 39
50 1 50 35
50 37 50 40
5
1 1 48 40
50 1 50 40
49 1 49 30
49 34 49 40
49 32 49 32
3
1 1 49 40
50 1 50 32
50 34 50 40
4
1 1 45 40
47 1 50 40
46 1 46 37
46 39 46 40
5
1 1 48 40
49 1 49 35
49 37 49 39
50 1 50 37
50 39 50 39
1
1 1 50 40
3
1 1 49 40
50 1 50 34
50 37 50 40
3
1 1 49 40
50 1 50 34
50 36 50 40
8
1 1 45 40
49 1 50 40
47 1 47 40
46 1 46 32
46 37 46 40
46 34 46 35
48 1 48 38
48 40 48 40
4
1 1 48 40
50 1 50 40
49 1 49 34
49 36 49 40
3
1 1 49 40
50 1 50 38
50 40 50 40
4
1 1 49 40
50 1 50 36
50 40 50 40
50 38 50 38
6
1 1 34 40
37 1 50 40
35 1 35 36
35 38 35 40
36 1 36 34
36 37 36 40
3
1 1 38 40
40 1 50 40
39 1 39 39
4
1 1 47 40
50 1 50 40
48 1 48 39
49 1 49 39
1
1 1 50 40
3
1 1 49 40
50 1 50 38
50 40 50 40
2
1 1 49 40
50 1 50 39
2
1 1 49 40
50 1 50 38
3
1 1 48 40
49 1 49 39
50 1 50 38
4
1 1 48 40
49 1 49 39
50 1 50 38
50 40 50 40
7
1 1 46 40
50 1 50 40
48 1 48 40
47 1 47 34
47 36 47 40
49 1 49 36
49 39 49 40
4
1 1 46 40
48 1 50 40
47 1 47 37
47 39 47 39
3
1 1 49 40
50 1 50 31
50 33 50 40
3
1 1 40 40
42 1 50 40
41 1 41 38
4
1 1 48 40
49 1 49 37
49 40 49 40
50 1 50 39
3
1 1 47 40
49 1 50 40
48 1 48 38
3
1 1 48 40
49 1 49 39
50 1 50 38
3
1 1 46 40
48 1 50 40
47 1 47 39
4
1 1 48 40
49 1 49 38
49 40 49 40
50 1 50 39
8
1 1 43 40
49 1 50 40
45 1 47 40
44 1 44 37
44 39 44 40
48 1 48 32
48 36 48 40
48 34 48 34
3
1 1 46 40
48 1 50 40
47 1 47 38
3
1 1 46 40
48 1 50 40
47 1 47 38
3
1 1 49 40
50 1 50 37
50 39 50 40
3
1 1 48 40
50 1 50 40
49 1 49 39
3
1 1 49 40
50 1 50 36
50 38 50 40
4
1 1 48 40
49 1 49 37
49 40 49 40
50 1 50 39
4
1 1 46 40
48 1 50 40
47 1 47 35
47 38 47 40
4
1 1 47 40
49 1 50 40
48 1 48 37
48 39 48 39
6
1 1 45 40
48 1 50 40
46 1 46 37
46 39 46 39
47 1 47 38
47 40 47 40
5
1 1 47 40
49 1 49 40
48 1 48 32
48 34 48 40
50 1 50 39
2
1 1 49 40
50 1 50 39
3
1 1 48 40
49 1 49 39
50 1 50 39
5
1 1 47 40
50 1 50 40
48 1 48 39
49 1 49 37
49 39 49 40
4
1 1 44 40
47 1 50 40
45 1 45 38
46 1 46 39
4
1 1 49 40
50 1 50 31
50 35 50 40
50 33 50 33
4
1 1 48 40
50 1 50 40
49 1 49 37
49 40 49 40
2
1 1 49 40
50 1 50 39
4
1 1 44 40
46 1 50 40
45 1 45 32
45 34 45 40
3
1 1 43 40
45 1 50 40
44 1 44 39
2
1 1 49 40
50 1 50 38
4
1 1 44 40
46 1 50 40
45 1 45 37
45 40 45 40
3
1 1 49 40
50 1 50 38
50 40 50 40
3
1 1 49 40
50 1 50 36
50 38 50 40
4
1 1 45 40
47 1 50 40
46 1 46 38
46 40 46 40
4
1 1 49 40
50 1 50 35
50 39 50 40
50 37 50 37
3
1 1 49 40
50 1 50 32
50 34 50 40
4
1 1 41 40
43 1 50 40
42 1 42 36
42 38 42 40
3
1 1 36 40
38 1 50 40
37 1 37 38
3
1 1 49 40
50 1 50 37
50 39 50 40
6
1 1 44 40
49 1 50 40
46 1 47 40
45 1 45 38
48 1 48 37
48 39 48 39
5
1 1 39 40
42 1 50 40
40 1 40 39
41 1 41 25
41 28 41 40
1
1 1 50 40
3
1 1 49 40
50 1 50 38
50 40 50 40
5
1 1 47 40
50 1 50 40
48 1 48 39
49 1 49 33
49 35 49 40
3
1 1 47 40
49 1 50 40
48 1 48 38
3
1 1 49 40
50 1 50 37
50 40 50 40
4
1 1 45 40
47 1 49 40
46 1 46 39
50 1 50 39
2
1 1 49 40
50 1 50 38
2
1 1 49 40
50 1 50 38
7
1 1 46 40
50 1 50 40
48 1 48 40
47 1 47 30
47 33 47 40
49 1 49 38
49 40 49 40
5
1 1 48 40
49 1 49 34
49 37 49 40
50 1 50 37
50 39 50 40
4
1 1 48 40
49 1 49 39
50 1 50 36
50 38 50 40
6
1 1 41 40
46 1 50 40
43 1 44 40
42 1 42 39
45 1 45 37
45 40 45 40
2
1 1 49 40
50 1 50 38
4
1 1 37 40
39 1 50 40
38 1 38 34
38 36 38 40
2
1 1 49 40
50 1 50 39
5
1 1 48 40
49 1 49 37
49 39 49 40
50 1 50 34
50 36 50 40
3
1 1 48 40
49 1 49 39
50 1 50 39
4
1 1 47 40
49 1 49 40
48 1 48 39
50 1 50 39
3
1 1 49 40
50 1 50 37
50 39 50 40
5
1 1 47 40
50 1 50 40
48 1 48 34
48 37 48 40
49 1 49 39
7
1 1 43 40
47 1 50 40
45 1 45 40
44 1 44 36
44 38 44 40
46 1 46 37
46 39 46 40
4
1 1 49 40
50 1 50 36
50 40 50 40
50 38 50 38
3
1 1 49 40
50 1 50 37
50 39 50 40
3
1 1 49 40
50 1 50 37
50 39 50 40
3
1 1 47 40
49 1 50 40
48 1 48 39
2
1 1 49 40
50 1 50 39
7
1 1 41 40
45 1 50 40
43 1 43 40
42 1 42 34
42 36 42 40
44 1 44 37
44 39 44 40
4
1 1 47 40
49 1 49 40
48 1 48 39
50 1 50 38
3
1 1 48 40
50 1 50 40
49 1 49 39
5
1 1 46 40
48 1 49 40
47 1 47 37
47 39 47 40
50 1 50 39
5
1 1 24 40
29 1 50 40
26 1 27 40
25 1 25 39
28 1 28 39
6
1 1 47 40
49 1 49 40
48 1 48 37
48 39 48 40
50 1 50 38
50 40 50 40
3
1 1 44 40
46 1 50 40
45 1 45 39
3
1 1 45 40
47 1 50 40
46 1 46 39
2
1 1 49 40
50 1 50 39
4
1 1 46 40
48 1 50 40
47 1 47 34
47 36 47 40
6
1 1 48 40
49 1 49 38
49 40 49 40
50 1 50 29
50 35 50 40
50 31 50 33
3
1 1 48 40
49 1 49 39
50 1 50 39
1
1 1 50 40
3
1 1 49 40
50 1 50 38
50 40 50 40
4
1 1 44 40
46 1 50 40
45 1 45 38
45 40 45 40
2
1 1 49 40
50 1 50 39
3
1 1 48 40
50 1 50 40
49 1 49 39
6
1 1 40 40
45 1 50 40
42 1 43 40
41 1 41 37
41 39 41 40
44 1 44 39
3
1 1 48 40
49 1 49 39
50 1 50 38
3
1 1 49 40
50 1 50 32
50 35 50 40
5
1 1 47 40
49 1 49 40
48 1 48 39
50 1 50 38
50 40 50 40
5
1 1 47 40
49 1 49 40
48 1 48 36
48 38 48 40
50 1 50 38
3
1 1 49 40
50 1 50 34
50 36 50 40
3
1 1 44 40
46 1 50 40
45 1 45 38
3
1 1 49 40
50 1 50 38
50 40 50 40
4
1 1 48 40
50 1 50 40
49 1 49 37
49 40 49 40
3
1 1 46 40
48 1 50 40
47 1 47 39
3
1 1 47 40
49 1 50 40
48 1 48 38
2
1 1 49 40
50 1 50 39
2
1 1 49 40
50 1 50 39
5
1 1 47 40
50 1 50 40
48 1 48 39
49 1 49 37
49 40 49 40
2
1 1 49 40
50 1 50 38
3
1 1 49 40
50 1 50 37
50 39 50 40
3
1 1 48 40
49 1 49 39
50 1 50 39
2
1 1 49 40
50 1 50 39
3
1 1 48 40
49 1 49 39
50 1 50 39
3
1 1 49 40
50 1 50 38
50 40 50 40
5
1 1 48 40
50 1 50 40
49 1 49 19
49 23 49 40
49 21 49 21
4
1 1 48 40
49 1 49 35
49 38 49 40
50 1 50 39
2
1 1 49 40
50 1 50 39
4
1 1 49 40
50 1 50 34
50 38 50 40
50 36 50 36
3
1 1 49 40
50 1 50 38
50 40 50 40
3
1 1 49 40
50 1 50 37
50 39 50 40
4
1 1 47 40
49 1 50 40
48 1 48 38
48 40 48 40
2
1 1 49 40
50 1 50 39
5
1 1 48 40
49 1 49 36
49 38 49 40
50 1 50 38
50 40 50 40
6
1 1 46 40
50 1 50 40
48 1 48 40
47 1 47 39
49 1 49 36
49 38 49 40
2
1 1 49 40
50 1 50 39
4
1 1 44 40
46 1 50 40
45 1 45 38
45 40 45 40
3
1 1 48 40
50 1 50 40
49 1 49 38
5
1 1 48 40
49 1 49 37
49 39 49 39
50 1 50 34
50 37 50 40
3
1 1 47 40
49 1 50 40
48 1 48 39
5
1 1 48 40
50 1 50 40
49 1 49 36
49 40 49 40
49 38 49 38
6
1 1 44 40
49 1 50 40
46 1 47 40
45 1 45 35
45 37 45 40
48 1 48 39
4
1 1 47 40
49 1 50 40
48 1 48 38
48 40 48 40
4
1 1 48 40
50 1 50 40
49 1 49 34
49 36 49 40
1
1 1 50 40
4
1 1 47 40
50 1 50 40
48 1 48 39
49 1 49 39
3
1 1 43 40
45 1 50 40
44 1 44 39
5
1 1 47 40
50 1 50 40
48 1 48 37
48 39 48 40
49 1 49 38
2
1 1 49 40
50 1 50 39
3
1 1 47 40
49 1 50 40
48 1 48 38
4
1 1 46 40
48 1 50 40
47 1 47 31
47 33 47 40
3
1 1 49 40
50 1 50 37
50 39 50 39
4
1 1 47 40
49 1 50 40
48 1 48 35
48 37 48 40
5
1 1 47 40
50 1 50 40
48 1 48 37
48 39 48 40
49 1 49 39
2
1 1 49 40
50 1 50 39
2
1 1 49 40
50 1 50 38
2
1 1 49 40
50 1 50 39
2
1 1 49 40
50 1 50 39
1
1 1 50 40
1
1 1 50 40
3
1 1 48 40
50 1 50 40
49 1 49 38
2
1 1 49 40
50 1 50 39
1
1 1 50 40
5
1 1 48 40
49 1 49 39
50 1 50 32
50 36 50 40
50 34 50 34
3
1 1 49 40
50 1 50 34
50 37 50 40
5
1 1 48 40
49 1 49 37
49 39 49 40
50 1 50 37
50 39 50 40
6
1 1 47 40
50 1 50 40
48 1 48 38
48 40 48 40
49 1 49 35
49 38 49 40
5
1 1 48 40
49 1 49 38
49 40 49 40
50 1 50 34
50 36 50 40
3
1 1 45 40
47 1 50 40
46 1 46 39
1
1 1 50 40
2
1 1 49 40
50 1 50 39
1
1 1 50 40
1
1 1 50 40
4
1 1 47 40
49 1 50 40
48 1 48 37
48 40 48 40
3
1 1 48 40
49 1 49 39
50 1 50 39
3
1 1 49 40
50 1 50 34
50 36 50 40
3
1 1 46 40
48 1 50 40
47 1 47 39
5
1 1 48 40
49 1 49 39
50 1 50 35
50 39 50 40
50 37 50 37
6
1 1 42 40
46 1 50 40
44 1 44 40
43 1 43 39
45 1 45 37
45 40 45 40
3
1 1 46 40
48 1 50 40
47 1 47 38
6
1 1 45 40
48 1 50 40
46 1 46 34
46 38 46 40
46 36 46 36
47 1 47 38
5
1 1 42 40
44 1 50 40
43 1 43 36
43 40 43 40
43 38 43 38
5
1 1 48 40
49 1 49 38
49 40 49 40
50 1 50 35
50 37 50 40
6
1 1 48 40
49 1 49 36
49 40 49 40
49 38 49 38
50 1 50 35
50 38 50 40
3
1 1 49 40
50 1 50 37
50 39 50 40
5
1 1 37 40
45 1 50 40
39 1 43 40
38 1 38 39
44 1 44 39
4
1 1 42 40
45 1 50 40
43 1 43 39
44 1 44 39
4
1 1 41 40
43 1 50 40
42 1 42 38
42 40 42 40
4
1 1 48 40
49 1 49 39
50 1 50 35
50 37 50 40
2
1 1 49 40
50 1 50 39
6
1 1 48 40
49 1 49 34
49 38 49 40
49 36 49 36
50 1 50 38
50 40 50 40
3
1 1 48 40
50 1 50 40
49 1 49 39
4
1 1 47 40
49 1 50 40
48 1 48 38
48 40 48 40
3
1 1 49 40
50 1 50 34
50 36 50 40
6
1 1 37 40
40 1 50 40
38 1 38 34
38 36 38 40
39 1 39 35
39 37 39 40
4
1 1 48 40
49 1 49 38
49 40 49 40
50 1 50 38
5
1 1 46 40
49 1 50 40
47 1 47 36
47 38 47 39
48 1 48 39
2
1 1 49 40
50 1 50 38
5
1 1 41 40
45 1 50 40
43 1 43 40
42 1 42 39
44 1 44 39
4
1 1 44 40
46 1 50 40
45 1 45 34
45 36 45 40
5
1 1 47 40
50 1 50 40
48 1 48 39
49 1 49 34
49 37 49 40
3
1 1 48 40
49 1 49 38
50 1 50 39
3
1 1 49 40
50 1 50 34
50 37 50 40
3
1 1 49 40
50 1 50 37
50 40 50 40
4
1 1 48 40
50 1 50 40
49 1 49 35
49 38 49 40
4
1 1 47 40
49 1 50 40
48 1 48 38
48 40 48 40
4
1 1 44 40
47 1 50 40
45 1 45 39
46 1 46 39
3
1 1 49 40
50 1 50 37
50 40 50 40
1
1 1 50 40
2
1 1 49 40
50 1 50 39
2
1 1 49 40
50 1 50 39
3
1 1 49 40
50 1 50 36
50 38 50 40
6
1 1 48 40
49 1 49 33
49 37 49 40
49 35 49 35
50 1 50 38
50 40 50 40
4
1 1 45 40
48 1 50 40
46 1 46 39
47 1 47 38
4
1 1 46 40
48 1 50 40
47 1 47 38
47 40 47 40
3
1 1 49 40
50 1 50 31
50 33 50 40
4
1 1 48 40
49 1 49 39
50 1 50 37
50 39 50 39
3
1 1 49 40
50 1 50 36
50 39 50 40
3
1 1 46 40
48 1 50 40
47 1 47 38
5
1 1 47 40
50 1 50 40
48 1 48 37
48 39 48 39
49 1 49 38
4
1 1 49 40
50 1 50 35
50 39 50 40
50 37 50 37
5
1 1 44 40
47 1 50 40
45 1 45 39
46 1 46 35
46 37 46 40
3
1 1 47 40
49 1 50 40
48 1 48 39
1
1 1 50 40
7
1 1 47 40
50 1 50 40
48 1 48 34
48 38 48 40
48 36 48 36
49 1 49 33
49 36 49 40
3
1 1 46 40
48 1 50 40
47 1 47 39
4
1 1 46 40
48 1 50 40
47 1 47 35
47 37 47 40
3
1 1 49 40
50 1 50 35
50 37 50 39
1
1 1 50 40
4
1 1 48 40
50 1 50 40
49 1 49 38
49 40 49 40
7
1 1 40 40
46 1 50 40
42 1 44 40
41 1 41 39
45 1 45 36
45 40 45 40
45 38 45 38
4
1 1 46 40
48 1 50 40
47 1 47 38
47 40 47 40
4
1 1 45 40
47 1 50 40
46 1 46 38
46 40 46 40
2
1 1 49 40
50 1 50 38
7
1 1 46 40
50 1 50 40
48 1 48 40
47 1 47 36
47 38 47 40
49 1 49 37
49 39 49 39
5
1 1 46 40
48 1 49 40
47 1 47 36
47 39 47 40
50 1 50 39
4
1 1 48 40
50 1 50 40
49 1 49 38
49 40 49 40
3
1 1 48 40
50 1 50 40
49 1 49 39
4
1 1 44 40
46 1 50 40
45 1 45 33
45 36 45 40
5
1 1 48 40
49 1 49 38
49 40 49 40
50 1 50 34
50 36 50 40
5
1 1 46 40
48 1 49 40
47 1 47 39
50 1 50 37
50 40 50 40
2
1 1 49 40
50 1 50 39
4
1 1 47 40
49 1 50 40
48 1 48 36
48 38 48 40
2
1 1 49 40
50 1 50 39
3
1 1 48 40
49 1 49 39
50 1 50 39
3
1 1 46 40
48 1 50 40
47 1 47 38
2
1 1 49 40
50 1 50 39
2
1 1 49 40
50 1 50 39
2
1 1 49 40
50 1 50 39
4
1 1 47 40
49 1 50 40
48 1 48 38
48 40 48 40
3
1 1 49 40
50 1 50 38
50 40 50 40
3
1 1 46 40
48 1 50 40
47 1 47 39
3
1 1 43 40
45 1 50 40
44 1 44 39
4
1 1 45 40
47 1 50 40
46 1 46 37
46 39 46 40
5
1 1 47 40
50 1 50 40
48 1 48 38
49 1 49 28
49 31 49 40
3
1 1 49 40
50 1 50 36
50 39 50 40
4
1 1 47 40
49 1 50 40
48 1 48 38
48 40 48 40
2
1 1 49 40
50 1 50 38
5
1 1 48 40
49 1 49 39
50 1 50 26
50 30 50 40
50 28 50 28
3
1 1 46 40
48 1 50 40
47 1 47 39
4
1 1 48 40
49 1 49 38
50 1 50 35
50 37 50 40
6
1 1 45 40
49 1 50 40
47 1 47 40
46 1 46 38
46 40 46 40
48 1 48 39
4
1 1 47 40
49 1 50 40
48 1 48 38
48 40 48 40
7
1 1 46 40
50 1 50 40
48 1 48 40
47 1 47 36
47 38 47 39
49 1 49 31
49 33 49 40
3
1 1 49 40
50 1 50 38
50 40 50 40
4
1 1 48 40
50 1 50 40
49 1 49 38
49 40 49 40
4
1 1 48 40
49 1 49 39
50 1 50 34
50 37 50 40
3
1 1 47 40
49 1 50 40
48 1 48 39
6
1 1 46 40
49 1 50 40
47 1 47 29
47 31 47 40
48 1 48 37
48 39 48 39
4
1 1 48 40
49 1 49 39
50 1 50 32
50 35 50 40
6
1 1 48 40
49 1 49 34
49 40 49 40
49 36 49 38
50 1 50 38
50 40 50 40
6
1 1 41 40
44 1 50 40
42 1 42 38
42 40 42 40
43 1 43 37
43 39 43 40
3
1 1 49 40
50 1 50 38
50 40 50 40
3
1 1 46 40
48 1 50 40
47 1 47 39
2
1 1 49 40
50 1 50 39
4
1 1 48 40
49 1 49 37
49 40 49 40
50 1 50 39
4
1 1 49 40
50 1 50 33
50 37 50 40
50 35 50 35
1
1 1 50 40
2
1 1 49 40
50 1 50 39
3
1 1 49 40
50 1 50 37
50 39 50 40
4
1 1 40 40
43 1 50 40
41 1 41 39
42 1 42 38
3
1 1 48 40
50 1 50 40
49 1 49 39
5
1 1 47 40
49 1 49 40
48 1 48 39
50 1 50 35
50 37 50 40
1
1 1 50 40
4
1 1 46 40
49 1 50 40
47 1 47 39
48 1 48 39
1
1 1 50 40
3
1 1 46 40
48 1 50 40
47 1 47 39
3
1 1 49 40
50 1 50 32
50 34 50 40
4
1 1 48 40
49 1 49 34
49 36 49 40
50 1 50 39
4
1 1 48 40
50 1 50 40
49 1 49 37
49 40 49 40
6
1 1 37 40
44 1 50 40
39 1 42 40
38 1 38 38
43 1 43 37
43 39 43 40
4
1 1 48 40
50 1 50 40
49 1 49 36
49 38 49 40
4
1 1 47 40
49 1 49 40
48 1 48 39
50 1 50 38
2
1 1 49 40
50 1 50 39
2
1 1 49 40
50 1 50 39
5
1 1 47 40
49 1 49 40
48 1 48 32
48 34 48 40
50 1 50 39
4
1 1 46 40
49 1 50 40
47 1 47 39
48 1 48 38
3
1 1 49 40
50 1 50 36
50 38 50 39
4
1 1 46 40
48 1 50 40
47 1 47 33
47 36 47 40
5
1 1 48 40
49 1 49 24
49 26 49 40
50 1 50 37
50 39 50 40
2
1 1 49 40
50 1 50 39
1
1 1 50 40
4
1 1 47 40
49 1 50 40
48 1 48 34
48 36 48 40
6
1 1 46 40
49 1 50 40
47 1 47 35
47 38 47 40
48 1 48 38
48 40 48 40
3
1 1 48 40
49 1 49 39
50 1 50 39
2
1 1 49 40
50 1 50 39
4
1 1 45 40
47 1 50 40
46 1 46 31
46 33 46 40
4
1 1 46 40
48 1 50 40
47 1 47 36
47 38 47 40
3
1 1 49 40
50 1 50 28
50 30 50 40
4
1 1 45 40
47 1 50 40
46 1 46 38
46 40 46 40
4
1 1 48 40
50 1 50 40
49 1 49 35
49 37 49 40
2
1 1 49 40
50 1 50 38
3
1 1 49 40
50 1 50 37
50 39 50 40
3
1 1 49 40
50 1 50 37
50 39 50 40
5
1 1 46 40
48 1 50 40
47 1 47 34
47 39 47 40
47 36 47 37
4
1 1 48 40
50 1 50 40
49 1 49 38
49 40 49 40
3
1 1 49 40
50 1 50 38
50 40 50 40
6
1 1 47 40
50 1 50 40
48 1 48 37
48 39 48 40
49 1 49 37
49 39 49 40
4
1 1 49 40
50 1 50 33
50 37 50 40
50 35 50 35
5
1 1 45 40
48 1 50 40
46 1 46 39
47 1 47 38
47 40 47 40
6
1 1 45 40
50 1 50 40
47 1 48 40
46 1 46 34
46 37 46 40
49 1 49 38
2
1 1 49 40
50 1 50 39
1
1 1 50 40
1
1 1 50 40
5
1 1 47 40
49 1 49 40
48 1 48 39
50 1 50 37
50 39 50 40
3
1 1 48 40
50 1 50 40
49 1 49 39
4
1 1 47 40
50 1 50 40
48 1 48 39
49 1 49 39
1
1 1 50 40
4
1 1 46 40
48 1 50 40
47 1 47 38
47 40 47 40
7
1 1 43 40
46 1 50 40
44 1 44 35
44 40 44 40
44 37 44 38
45 1 45 38
45 40 45 40
5
1 1 48 40
49 1 49 38
49 40 49 40
50 1 50 38
50 40 50 40
1
1 1 50 40
5
1 1 43 40
47 1 50 40
45 1 45 40
44 1 44 39
46 1 46 38
3
1 1 48 40
49 1 49 39
50 1 50 38
7
1 1 45 40
50 1 50 40
47 1 48 40
46 1 46 38
46 40 46 40
49 1 49 33
49 35 49 40
3
1 1 48 40
49 1 49 39
50 1 50 39
3
1 1 49 40
50 1 50 37
50 40 50 40
3
1 1 49 40
50 1 50 38
50 40 50 40
3
1 1 49 40
50 1 50 38
50 40 50 40
2
1 1 49 40
50 1 50 39
3
1 1 49 40
50 1 50 31
50 34 50 40
1
1 1 50 40
2
1 1 49 40
50 1 50 39
2
1 1 49 40
50 1 50 38
5
1 1 48 40
49 1 49 27
49 29 49 40
50 1 50 37
50 39 50 40
3
1 1 47 40
49 1 50 40
48 1 48 39
3
1 1 49 40
50 1 50 38
50 40 50 40
6
1 1 45 40
48 1 50 40
46 1 46 38
46 40 46 40
47 1 47 35
47 38 47 40
2
1 1 49 40
50 1 50 39
3
1 1 42 40
44 1 50 40
43 1 43 39
3
1 1 49 40
50 1 50 35
50 37 50 40
5
1 1 48 40
49 1 49 37
49 39 49 40
50 1 50 30
50 33 50 40
2
1 1 49 40
50 1 50 39
3
1 1 49 40
50 1 50 34
50 36 50 40
5
1 1 42 40
45 1 50 40
43 1 43 38
43 40 43 40
44 1 44 39
3
1 1 49 40
50 1 50 38
50 40 50 40
5
1 1 44 40
46 1 49 40
45 1 45 38
50 1 50 38
50 40 50 40
2
1 1 49 40
50 1 50 38
3
1 1 49 40
50 1 50 32
50 34 50 40
2
1 1 49 40
50 1 50 39
5
1 1 47 40
50 1 50 40
48 1 48 34
48 37 48 40
49 1 49 39
1
1 1 50 40
4
1 1 42 40
44 1 50 40
43 1 43 34
43 36 43 40
4
1 1 49 40
50 1 50 30
50 34 50 40
50 32 50 32
4
1 1 48 40
50 1 50 40
49 1 49 38
49 40 49 40
3
1 1 49 40
50 1 50 37
50 39 50 40
4
1 1 48 40
49 1 49 37
49 39 49 40
50 1 50 39
1
1 1 50 40
4
1 1 44 40
46 1 50 40
45 1 45 36
45 38 45 40
3
1 1 47 40
49 1 50 40
48 1 48 38
3
1 1 49 40
50 1 50 32
50 34 50 40
3
1 1 48 40
49 1 49 39
50 1 50 39
2
1 1 49 40
50 1 50 39
2
1 1 49 40
50 1 50 39
5
1 1 46 40
48 1 49 40
47 1 47 39
50 1 50 37
50 39 50 40
3
1 1 48 40
50 1 50 40
49 1 49 39
4
1 1 45 40
47 1 49 40
46 1 46 39
50 1 50 39
3
1 1 43 40
45 1 50 40
44 1 44 39
5
1 1 46 40
49 1 50 40
47 1 47 39
48 1 48 36
48 39 48 40
6
1 1 45 40
48 1 50 40
46 1 46 35
46 39 46 40
46 37 46 37
47 1 47 39
1
1 1 50 40
1
1 1 50 40
4
1 1 49 40
50 1 50 35
50 39 50 40
50 37 50 37
2
1 1 49 40
50 1 50 38
3
1 1 48 40
50 1 50 40
49 1 49 39
3
1 1 48 40
49 1 49 39
50 1 50 38
5
1 1 45 40
49 1 50 40
47 1 47 40
46 1 46 38
48 1 48 39
3
1 1 49 40
50 1 50 36
50 39 50 40
6
1 1 47 40
50 1 50 40
48 1 48 39
49 1 49 32
49 38 49 40
49 34 49 36
2
1 1 49 40
50 1 50 38
1
1 1 50 40
3
1 1 49 40
50 1 50 37
50 39 50 40
3
1 1 49 40
50 1 50 36
50 39 50 40
4
1 1 48 40
50 1 50 40
49 1 49 36
49 38 49 39
3
1 1 49 40
50 1 50 30
50 32 50 40
3
1 1 46 40
48 1 50 40
47 1 47 39
5
1 1 46 40
48 1 49 40
47 1 47 39
50 1 50 31
50 33 50 40
3
1 1 49 40
50 1 50 35
50 37 50 40
3
1 1 46 40
48 1 50 40
47 1 47 38
3
1 1 49 40
50 1 50 37
50 39 50 40
3
1 1 49 40
50 1 50 33
50 35 50 40
5
1 1 46 40
49 1 50 40
47 1 47 37
47 40 47 40
48 1 48 39
6
1 1 42 40
45 1 50 40
43 1 43 36
43 39 43 40
44 1 44 36
44 38 44 40
4
1 1 38 40
40 1 50 40
39 1 39 37
39 39 39 40
2
1 1 49 40
50 1 50 38
3
1 1 49 40
50 1 50 35
50 37 50 40
3
1 1 49 40
50 1 50 38
50 40 50 40
3
1 1 48 40
50 1 50 40
49 1 49 39
1
1 1 50 40
4
1 1 47 40
49 1 50 40
48 1 48 34
48 37 48 40
5
1 1 46 40
48 1 49 40
47 1 47 39
50 1 50 35
50 37 50 40
4
1 1 48 40
49 1 49 39
50 1 50 37
50 39 50 39
6
1 1 47 40
49 1 49 40
48 1 48 31
48 38 48 40
48 33 48 36
50 1 50 39
5
1 1 47 40
49 1 49 40
48 1 48 38
48 40 48 40
50 1 50 39
4
1 1 46 40
48 1 50 40
47 1 47 38
47 40 47 40
4
1 1 48 40
50 1 50 40
49 1 49 38
49 40 49 40
5
1 1 47 40
50 1 50 40
48 1 48 38
49 1 49 35
49 37 49 40
1
1 1 50 40
5
1 1 46 40
49 1 50 40
47 1 47 39
48 1 48 36
48 38 48 39
5
1 1 44 40
47 1 50 40
45 1 45 39
46 1 46 36
46 38 46 40
3
1 1 49 40
50 1 50 34
50 36 50 40
3
1 1 48 40
49 1 49 39
50 1 50 38
4
1 1 49 40
50 1 50 35
50 39 50 40
50 37 50 37
6
1 1 45 40
48 1 50 40
46 1 46 35
46 38 46 40
47 1 47 37
47 39 47 40
4
1 1 45 40
47 1 50 40
46 1 46 24
46 26 46 40
6
1 1 48 40
49 1 49 35
49 40 49 40
49 37 49 38
50 1 50 37
50 39 50 40
2
1 1 49 40
50 1 50 39
2
1 1 49 40
50 1 50 39
5
1 1 42 40
45 1 50 40
43 1 43 38
44 1 44 38
44 40 44 40
4
1 1 48 40
49 1 49 39
50 1 50 36
50 38 50 39
2
1 1 49 40
50 1 50 39
3
1 1 40 40
42 1 50 40
41 1 41 39
4
1 1 48 40
49 1 49 33
49 35 49 40
50 1 50 39
3
1 1 49 40
50 1 50 31
50 33 50 40
5
1 1 46 40
50 1 50 40
48 1 48 40
47 1 47 38
49 1 49 39
1
1 1 50 40
1
1 1 50 40
3
1 1 49 40
50 1 50 38
50 40 50 40
1
1 1 50 40
3
1 1 48 40
50 1 50 40
49 1 49 39
3
1 1 49 40
50 1 50 37
50 39 50 39
5
1 1 43 40
47 1 50 40
45 1 45 40
44 1 44 39
46 1 46 39
6
1 1 47 40
50 1 50 40
48 1 48 35
48 37 48 40
49 1 49 37
49 39 49 39
4
1 1 48 40
49 1 49 38
49 40 49 40
50 1 50 39
4
1 1 47 40
49 1 50 40
48 1 48 38
48 40 48 40
5
1 1 45 40
48 1 50 40
46 1 46 37
46 39 46 39
47 1 47 39
6
1 1 44 40
47 1 50 40
45 1 45 37
45 39 45 39
46 1 46 37
46 40 46 40
3
1 1 46 40
48 1 50 40
47 1 47 39
2
1 1 49 40
50 1 50 39
5
1 1 46 40
48 1 49 40
47 1 47 38
50 1 50 33
50 36 50 40
1
1 1 50 40
2
1 1 49 40
50 1 50 38
3
1 1 49 40
50 1 50 35
50 37 50 40
3
1 1 46 40
48 1 50 40
47 1 47 39
4
1 1 48 40
50 1 50 40
49 1 49 35
49 37 49 40
5
1 1 48 40
49 1 49 38
49 40 49 40
50 1 50 31
50 33 50 40
1
1 1 50 40
1
1 1 50 40
5
1 1 48 40
49 1 49 38
49 40 49 40
50 1 50 38
50 40 50 40
1
1 1 50 40
4
1 1 48 40
49 1 49 34
49 36 49 40
50 1 50 39
