5
1 1 76 69
81 1 85 69
78 1 79 69
77 1 77 68
80 1 80 68
3
1 1 84 69
85 1 85 66
85 68 85 69
1
1 1 85 69
4
1 1 83 69
84 1 84 66
84 68 84 68
85 1 85 68
3
1 1 83 69
84 1 84 68
85 1 85 68
3
1 1 84 69
85 1 85 66
85 68 85 69
2
1 1 84 69
85 1 85 68
4
1 1 83 69
84 1 84 68
85 1 85 65
85 67 85 69
3
1 1 84 69
85 1 85 63
85 66 85 69
6
1 1 83 69
84 1 84 66
84 68 84 69
85 1 85 65
85 69 85 69
85 67 85 67
2
1 1 84 69
85 1 85 68
2
1 1 84 69
85 1 85 68
4
1 1 79 69
81 1 85 69
80 1 80 66
80 68 80 68
3
1 1 84 69
85 1 85 64
85 67 85 69
3
1 1 82 69
84 1 85 69
83 1 83 68
4
1 1 80 69
83 1 85 69
81 1 81 68
82 1 82 68
6
1 1 81 69
84 1 85 69
82 1 82 62
82 64 82 69
83 1 83 66
83 69 83 69
6
1 1 82 69
84 1 84 69
83 1 83 65
83 67 83 69
85 1 85 67
85 69 85 69
3
1 1 84 69
85 1 85 67
85 69 85 69
3
1 1 83 69
85 1 85 69
84 1 84 68
3
1 1 83 69
85 1 85 69
84 1 84 67
6
1 1 81 69
83 1 84 69
82 1 82 64
82 66 82 69
85 1 85 65
85 68 85 69
4
1 1 83 69
84 1 84 68
85 1 85 64
85 66 85 69
6
1 1 79 69
82 1 85 69
80 1 80 63
80 69 80 69
80 65 80 67
81 1 81 68
5
1 1 81 69
83 1 85 69
82 1 82 64
82 69 82 69
82 66 82 67
4
1 1 83 69
85 1 85 69
84 1 84 67
84 69 84 69
3
1 1 82 69
84 1 85 69
83 1 83 68
5
1 1 80 69
82 1 84 69
81 1 81 67
85 1 85 66
85 68 85 68
4
1 1 83 69
85 1 85 69
84 1 84 66
84 68 84 68
3
1 1 84 69
85 1 85 63
85 65 85 69
7
1 1 79 69
83 1 85 69
81 1 81 69
80 1 80 68
82 1 82 63
82 68 82 69
82 65 82 66
1
1 1 85 69
3
1 1 84 69
85 1 85 61
85 63 85 69
3
1 1 75 69
77 1 85 69
76 1 76 68
6
1 1 76 69
80 1 85 69
78 1 78 69
77 1 77 65
77 67 77 69
79 1 79 68
3
1 1 84 69
85 1 85 65
85 67 85 68
2
1 1 84 69
85 1 85 68
4
1 1 81 69
83 1 85 69
82 1 82 66
82 68 82 68
1
1 1 85 69
2
1 1 84 69
85 1 85 68
5
1 1 81 69
83 1 85 69
82 1 82 63
82 67 82 69
82 65 82 65
3
1 1 84 69
85 1 85 64
85 66 85 69
2
1 1 84 69
85 1 85 67
5
1 1 82 69
85 1 85 69
83 1 83 66
83 69 83 69
84 1 84 67
4
1 1 80 69
82 1 85 69
81 1 81 66
81 69 81 69
5
1 1 80 69
83 1 85 69
81 1 81 67
82 1 82 66
82 68 82 68
6
1 1 79 69
83 1 85 69
81 1 81 69
80 1 80 68
82 1 82 66
82 68 82 69
3
1 1 83 69
85 1 85 69
84 1 84 68
7
1 1 74 69
78 1 85 69
76 1 76 69
75 1 75 61
75 67 75 69
75 63 75 65
77 1 77 67
4
1 1 82 69
84 1 85 69
83 1 83 66
83 69 83 69
3
1 1 82 69
84 1 85 69
83 1 83 68
5
1 1 81 69
83 1 84 69
82 1 82 67
82 69 82 69
85 1 85 67
1
1 1 85 69
4
1 1 83 69
85 1 85 69
84 1 84 67
84 69 84 69
3
1 1 83 69
84 1 84 68
85 1 85 68
3
1 1 83 69
85 1 85 69
84 1 84 68
5
1 1 83 69
84 1 84 66
84 68 84 69
85 1 85 61
85 64 85 69
2
1 1 84 69
85 1 85 68
1
1 1 85 69
5
1 1 79 69
82 1 85 69
80 1 80 67
81 1 81 67
81 69 81 69
1
1 1 85 69
5
1 1 82 69
85 1 85 69
83 1 83 56
83 58 83 69
84 1 84 68
1
1 1 85 69
3
1 1 83 69
85 1 85 69
84 1 84 68
3
1 1 84 69
85 1 85 62
85 64 85 69
4
1 1 83 69
85 1 85 69
84 1 84 65
84 68 84 69
3
1 1 83 69
85 1 85 69
84 1 84 68
5
1 1 81 69
83 1 84 69
82 1 82 67
82 69 82 69
85 1 85 68
3
1 1 83 69
85 1 85 69
84 1 84 68
4
1 1 83 69
85 1 85 69
84 1 84 66
84 68 84 69
5
1 1 81 69
83 1 84 69
82 1 82 67
82 69 82 69
85 1 85 68
3
1 1 84 69
85 1 85 62
85 64 85 69
4
1 1 82 69
84 1 85 69
83 1 83 64
83 67 83 69
4
1 1 81 69
83 1 85 69
82 1 82 66
82 68 82 68
3
1 1 83 69
85 1 85 69
84 1 84 68
4
1 1 79 69
81 1 85 69
80 1 80 65
80 68 80 69
2
1 1 84 69
85 1 85 68
4
1 1 71 69
73 1 85 69
72 1 72 65
72 67 72 69
4
1 1 78 69
80 1 85 69
79 1 79 63
79 65 79 69
3
1 1 84 69
85 1 85 63
85 66 85 69
1
1 1 85 69
3
1 1 80 69
82 1 85 69
81 1 81 68
7
1 1 82 69
85 1 85 69
83 1 83 64
83 68 83 69
83 66 83 66
84 1 84 65
84 67 84 69
7
1 1 82 69
85 1 85 69
83 1 83 63
83 65 83 69
84 1 84 63
84 67 84 69
84 65 84 65
3
1 1 82 69
84 1 85 69
83 1 83 68
7
1 1 81 69
85 1 85 69
83 1 83 69
82 1 82 63
82 65 82 69
84 1 84 67
84 69 84 69
5
1 1 82 69
85 1 85 69
83 1 83 67
83 69 83 69
84 1 84 68
3
1 1 84 69
85 1 85 66
85 69 85 69
2
1 1 84 69
85 1 85 68
2
1 1 84 69
85 1 85 68
3
1 1 78 69
80 1 85 69
79 1 79 67
3
1 1 82 69
84 1 85 69
83 1 83 68
1
1 1 85 69
5
1 1 81 69
83 1 85 69
82 1 82 65
82 69 82 69
82 67 82 67
3
1 1 84 69
85 1 85 60
85 62 85 69
7
1 1 80 69
84 1 85 69
82 1 82 69
81 1 81 57
81 66 81 69
81 59 81 64
83 1 83 68
4
1 1 81 69
83 1 85 69
82 1 82 62
82 64 82 69
5
1 1 83 69
84 1 84 67
84 69 84 69
85 1 85 65
85 67 85 69
2
1 1 84 69
85 1 85 68
3
1 1 84 69
85 1 85 66
85 68 85 69
4
1 1 70 69
73 1 85 69
71 1 71 68
72 1 72 68
6
1 1 78 69
84 1 85 69
80 1 82 69
79 1 79 68
83 1 83 66
83 69 83 69
4
1 1 78 69
80 1 85 69
79 1 79 66
79 68 79 68
4
1 1 82 69
85 1 85 69
83 1 83 67
84 1 84 68
4
1 1 83 69
85 1 85 69
84 1 84 60
84 62 84 69
4
1 1 83 69
85 1 85 69
84 1 84 61
84 64 84 69
5
1 1 80 69
84 1 85 69
82 1 82 69
81 1 81 67
83 1 83 68
3
1 1 84 69
85 1 85 62
85 64 85 69
1
1 1 85 69
6
1 1 81 69
85 1 85 69
83 1 83 69
82 1 82 67
84 1 84 66
84 68 84 69
2
1 1 84 69
85 1 85 68
4
1 1 83 69
85 1 85 69
84 1 84 66
84 68 84 68
2
1 1 84 69
85 1 85 68
3
1 1 80 69
82 1 85 69
81 1 81 67
3
1 1 80 69
82 1 85 69
81 1 81 68
3
1 1 83 69
85 1 85 69
84 1 84 68
3
1 1 78 69
80 1 85 69
79 1 79 68
2
1 1 84 69
85 1 85 67
2
1 1 84 69
85 1 85 68
6
1 1 82 69
84 1 84 69
83 1 83 67
83 69 83 69
85 1 85 66
85 68 85 68
4
1 1 77 69
79 1 85 69
78 1 78 62
78 64 78 69
4
1 1 84 69
85 1 85 63
85 67 85 69
85 65 85 65
2
1 1 84 69
85 1 85 68
5
1 1 79 69
81 1 85 69
80 1 80 63
80 67 80 69
80 65 80 65
2
1 1 84 69
85 1 85 67
2
1 1 84 69
85 1 85 68
2
1 1 84 69
85 1 85 68
4
1 1 83 69
85 1 85 69
84 1 84 65
84 67 84 69
2
1 1 84 69
85 1 85 68
4
1 1 84 69
85 1 85 60
85 65 85 69
85 62 85 63
4
1 1 81 69
83 1 85 69
82 1 82 65
82 68 82 69
3
1 1 81 69
83 1 85 69
82 1 82 68
5
1 1 83 69
84 1 84 64
84 66 84 68
85 1 85 67
85 69 85 69
4
1 1 83 69
85 1 85 69
84 1 84 67
84 69 84 69
4
1 1 81 69
83 1 85 69
82 1 82 60
82 62 82 69
4
1 1 83 69
85 1 85 69
84 1 84 63
84 66 84 69
4
1 1 83 69
84 1 84 67
84 69 84 69
85 1 85 67
4
1 1 77 69
79 1 85 69
78 1 78 65
78 67 78 69
4
1 1 80 69
82 1 85 69
81 1 81 65
81 67 81 69
2
1 1 84 69
85 1 85 67
2
1 1 84 69
85 1 85 68
4
1 1 77 69
79 1 85 69
78 1 78 66
78 68 78 69
7
1 1 81 69
83 1 84 69
82 1 82 65
82 68 82 69
85 1 85 65
85 69 85 69
85 67 85 67
4
1 1 83 69
85 1 85 69
84 1 84 67
84 69 84 69
3
1 1 84 69
85 1 85 64
85 67 85 69
3
1 1 83 69
85 1 85 69
84 1 84 68
2
1 1 84 69
85 1 85 67
4
1 1 81 69
83 1 85 69
82 1 82 54
82 56 82 69
3
1 1 84 69
85 1 85 67
85 69 85 69
7
1 1 74 69
83 1 85 69
76 1 81 69
75 1 75 63
75 66 75 69
82 1 82 67
82 69 82 69
3
1 1 84 69
85 1 85 63
85 65 85 69
3
1 1 84 69
85 1 85 66
85 68 85 69
1
1 1 85 69
2
1 1 84 69
85 1 85 67
3
1 1 83 69
85 1 85 69
84 1 84 67
4
1 1 79 69
81 1 85 69
80 1 80 67
80 69 80 69
3
1 1 84 69
85 1 85 62
85 64 85 69
5
1 1 82 69
84 1 84 69
83 1 83 66
83 68 83 69
85 1 85 68
3
1 1 81 69
83 1 85 69
82 1 82 68
4
1 1 83 69
84 1 84 61
84 63 84 69
85 1 85 68
3
1 1 84 69
85 1 85 67
85 69 85 69
3
1 1 84 69
85 1 85 64
85 66 85 69
4
1 1 83 69
84 1 84 68
85 1 85 67
85 69 85 69
5
1 1 81 69
84 1 85 69
82 1 82 63
82 65 82 69
83 1 83 67
4
1 1 80 69
83 1 85 69
81 1 81 68
82 1 82 67
3
1 1 84 69
85 1 85 67
85 69 85 69
4
1 1 84 69
85 1 85 60
85 68 85 69
85 62 85 66
4
1 1 82 69
85 1 85 69
83 1 83 68
84 1 84 68
1
1 1 85 69
7
1 1 82 69
84 1 84 69
83 1 83 67
83 69 83 69
85 1 85 65
85 69 85 69
85 67 85 67
4
1 1 62 46
64 1 64 46
63 1 63 38
63 40 63 46
