7
1 1 122 324
126 1 127 324
124 1 124 324
123 1 123 323
125 1 125 320
125 324 125 324
125 322 125 322
6
1 1 120 324
123 1 127 324
121 1 121 323
122 1 122 316
122 324 122 324
122 318 122 322
5
1 1 124 324
126 1 126 324
125 1 125 323
127 1 127 320
127 323 127 324
4
1 1 125 324
126 1 126 316
126 318 126 324
127 1 127 323
2
1 1 126 324
127 1 127 323
4
1 1 124 324
126 1 127 324
125 1 125 321
125 323 125 323
5
1 1 124 324
127 1 127 324
125 1 125 321
125 323 125 323
126 1 126 322
6
1 1 120 324
124 1 127 324
122 1 122 324
121 1 121 321
121 324 121 324
123 1 123 322
4
1 1 124 324
126 1 127 324
125 1 125 322
125 324 125 324
5
1 1 125 324
126 1 126 321
126 324 126 324
127 1 127 321
127 323 127 324
3
1 1 123 324
125 1 127 324
124 1 124 323
2
1 1 126 324
127 1 127 323
2
1 1 126 324
127 1 127 322
3
1 1 126 324
127 1 127 321
127 323 127 323
3
1 1 122 324
124 1 127 324
123 1 123 323
3
1 1 122 324
124 1 127 324
123 1 123 322
2
1 1 126 324
127 1 127 322
3
1 1 126 324
127 1 127 318
127 320 127 324
5
1 1 123 324
126 1 127 324
124 1 124 323
125 1 125 320
125 323 125 324
2
1 1 126 324
127 1 127 323
4
1 1 125 324
127 1 127 324
126 1 126 319
126 322 126 324
2
1 1 126 324
127 1 127 323
1
1 1 127 324
4
1 1 126 324
127 1 127 320
127 324 127 324
127 322 127 322
4
1 1 47 250
49 1 49 250
48 1 48 247
48 249 48 250
