50 50
48 16
14 34
3 45
47 30
39 32
22 37
12 11
6 41
24 17
4 2
36 38
44 26
46 19
25 39
18 41
7 46
23 37
45 42
25 5
18 27
22 50
43 3
5 35
33 18
25 28
29 41
20 35
40 29
20 31
12 18
27 1
20 9
20 17
29 15
44 9
9 13
2 35
28 48
20 21
14 13
48 19
8 25
17 50
22 38
43 48
30 17
49 5
7 10
2 27
19 46
23 27
13 25
38 29
32 1
48 44
22 18
7 37
4 10
9 33
39 28
47 8
2 40
50 21
30 34
15 3
35 20
16 5
26 41
3 42
41 17
43 7
8 50
35 14
40 24
30 46
6 46
7 36
20 10
29 40
25 29
7 9
20 49
44 19
37 11
12 25
16 49
30 41
22 25
39 48
27 6
38 37
31 34
43 45
9 1
15 48
2 31
21 45
19 35
40 24 28
13 30 49
11 19 26
29 30 43
30 32 41
38 37 45
19 11 41
26 22 38
33 38 35
6 49 49
48 44 20
8 19 45
15 28 26
48 10 37
34 16 3
42 19 17
24 12 22
50 47 9
21 25 19
45 38 16
49 10 28
41 27 38
9 9 21
34 43 12
23 12 9
28 6 46
20 26 47
39 22 9
13 28 4
39 14 41
29 49 14
50 46 46
19 47 47
21 42 18
29 22 22
45 9 22
2 17 33
41 20 5
14 25 5
17 49 48
37 12 32
25 10 33
44 15 1
19 42 39
23 11 5
39 9 5
41 21 44
25 28 18
10 31 27
31 27 30
