50 50
42 28
40 44
15 35
32 45
47 3
1 9
36 24
2 5
41 18
27 8
29 43
34 12
14 11
31 30
40 49
30 42
20 24
8 48
11 46
47 19
5 21
10 41
16 12
45 1
29 39
26 43
36 22
37 2
46 45
42 7
40 48
13 43
27 25
24 33
2 4
29 35
6 44
12 21
34 38
13 18
44 50
17 6
27 24
5 50
35 44
12 23
10 9
44 3
30 43
32 20
50 28
6 23
18 46
33 34
12 40
31 1
45 3
42 25
48 37
18 41
36 50
42 15
31 9
48 2
23 27
38 23
37 19
26 50
1 49
13 49
11 6
48 43
50 29
13 40
2 16
26 14
7 6
6 47
9 4
43 24
8 50
30 13
22 50
19 18
49 34
35 1
4 10
10 21
20 35
49 25
32 3
27 20
38 44
20 39
10 17
5 44
50 11
46 49
21 8 39
12 16 40
32 21 31
40 45 27
38 30 10
7 1 4
35 45 10
14 43 35
42 39 41
15 22 16
29 34 44
19 4 3
38 23 34
45 9 26
48 10 45
8 13 23
11 6 30
32 37 35
7 32 41
9 15 23
39 46 41
17 30 27
7 48 32
21 27 19
26 15 2
50 31 19
25 21 46
32 1 15
41 49 23
28 30 22
32 26 21
15 26 31
21 42 8
27 34 13
26 42 1
11 7 16
34 34 47
43 17 44
28 17 5
29 31 23
25 30 47
2 40 38
44 31 42
19 30 19
11 23 27
35 19 22
39 4 7
41 18 9
36 5 17
44 2 27
