50 50
48 1
14 47
34 38
16 17
15 3
21 6
29 7
27 50
33 20
30 2
46 38
42 33
10 6
39 48
29 43
13 14
36 3
39 4
14 19
23 15
9 42
46 37
43 44
11 33
35 23
5 11
28 36
5 45
35 31
35 18
30 18
8 23
23 40
22 23
30 41
17 23
40 27
39 31
6 31
22 26
32 48
26 25
50 12
10 38
30 24
18 44
50 49
6 9
14 11
46 30
13 29
35 26
14 18
25 33
23 49
21 27
42 44
15 37
45 39
36 34
50 3
28 45
5 49
14 41
9 35
12 27
37 17
9 19
49 48
45 16
12 8
1 5
31 16
22 26
48 6
43 45
22 2
43 46
26 11
9 32
34 16
45 10
40 35
45 20
7 36
34 24
10 42
12 24
42 3
43 4
44 35
17 45
47 19
50 33
14 22
12 5
21 38
35 29
44 1 15
27 23 16
3 3 3
40 26 27
8 44 29
10 5 8
37 38 20
10 21 17
13 8 33
24 33 45
37 36 39
44 36 48
18 29 43
31 22 6
38 43 21
45 19 23
35 7 33
12 28 9
23 16 47
33 1 12
45 14 39
11 24 11
19 17 36
33 28 4
43 3 26
29 20 17
4 29 39
12 4 10
33 49 41
34 16 28
35 39 32
9 15 15
24 27 41
17 48 32
8 35 4
50 34 15
16 14 30
48 27 8
44 11 14
20 41 48
8 39 23
6 8 29
24 35 25
6 5 15
16 10 29
2 41 7
29 41 9
42 31 21
30 44 25
12 23 4
