100 100
51 44
32 14
20 37
8 54
31 26
73 55
33 27
53 18
87 47
62 90
82 45
2 30
60 67
69 66
29 39
50 35
84 76
48 93
49 71
56 78
98 57
11 91
68 79
96 89
1 36
92 59
15 99
95 38
25 22
100 61
21 28
80 43
34 13
85 12
26 87
6 60
13 64
25 86
43 94
73 19
65 93
14 74
17 71
16 50
99 77
5 29
79 63
90 46
72 76
8 30
91 45
100 97
38 12
82 51
7 46
43 52
72 13
47 69
4 38
73 70
33 65
50 9
39 58
79 42
67 40
88 77
85 41
15 92
29 89
82 83
2 64
10 55
46 53
31 75
50 28
15 6
44 81
62 12
17 29
50 20
1 35
99 24
74 17
97 83
48 14
60 56
9 25
57 71
67 87
16 23
3 15
35 79
43 71
6 81
55 16
28 13
32 97
18 30
45 79
10 8
13 80
40 48
64 63
54 89
25 93
66 29
76 78
35 59
9 91
97 87
74 99
17 100
50 92
62 67
24 69
46 21
39 11
33 1
43 77
53 52
68 3
15 90
84 95
57 30
86 58
61 32
5 12
96 37
14 42
49 28
60 100
81 84
49 98
2 80
43 71
88 59
61 11
68 56
7 62
22 33
96 45
52 16
92 65
5 19
91 73
8 36
58 41
85 15
57 44
51 93
43 26
84 75
57 38
100 79
45 76
70 11
65 64
3 20
31 12
7 52
47 2
36 72
55 59
91 15
1 29
86 20
44 34
25 43
27 1
10 83
81 49
82 52
80 32
64 74
12 24
96 21
83 78
7 4
32 23
94 20
74 9
33 59
12 18
81 99
89 82
58 71
33 57
42 12
21 6
42 89
61 21
55 87
61 86
60 69
78 40
1 26
33 98
7 61
23 8 2
63 19 67
62 17 29
86 45 44
7 99 28
72 91 73
56 72 21
57 89 41
76 79 26
16 67 20
79 28 74
9 13 2
45 22 62
81 69 77
95 22 12
29 18 58
34 68 42
64 67 83
25 26 51
27 59 21
28 8 32
97 13 38
9 17 7
32 65 3
24 58 12
8 26 19
6 48 15
58 81 51
95 52 53
53 55 7
3 34 34
79 33 38
53 66 37
51 87 55
54 39 40
21 34 68
44 85 68
50 81 37
12 86 24
57 38 69
84 13 88
2 21 96
41 4 96
31 15 77
43 87 1
60 5 29
86 79 31
35 74 87
12 80 81
87 27 21
64 41 13
99 35 47
74 46 79
22 11 66
4 26 90
2 5 14
100 35 92
35 83 63
27 18 90
32 31 16
33 50 93
28 67 26
1 94 5
5 77 43
68 83 34
1 16 65
8 61 2
26 58 92
91 44 15
7 20 43
21 29 44
49 10 20
49 35 66
5 57 85
24 57 66
23 46 33
66 89 60
83 90 5
98 82 32
87 94 95
35 21 96
41 32 73
68 56 33
74 22 69
85 18 19
83 28 30
23 13 44
43 50 1
42 32 43
44 67 13
8 32 26
71 14 39
84 52 43
22 50 67
88 38 85
27 41 62
68 6 93
70 28 66
31 20 86
59 15 67
