100 100
58 98
72 45
52 32
12 42
86 60
82 6
78 27
88 53
1 48
26 70
28 68
3 33
30 34
81 77
80 94
10 40
96 73
17 71
38 36
63 64
5 92
31 90
23 69
59 47
61 20
13 65
46 97
7 85
83 15
93 14
24 39
89 18
95 49
91 43
84 75
25 99
9 50
44 19
56 8
7 93
62 49
30 2
66 94
67 18
24 57
16 17
87 78
8 54
45 40
28 74
11 31
75 1
61 41
21 77
22 83
82 29
76 53
36 79
39 35
92 30
17 59
37 6
27 52
20 46
4 22
62 96
28 38
51 21
10 3
65 49
99 21
39 91
98 15
27 69
79 88
92 42
20 70
59 42
19 25
83 100
87 55
39 18
31 34
72 24
60 69
25 48
15 88
9 100
19 8
85 11
37 35
8 65
94 18
44 70
63 65
35 1
87 44
2 69
59 4
12 90
68 11
93 95
82 88
48 58
33 99
76 38
34 8
44 3
50 13
6 87
62 86
17 60
79 42
54 45
78 1
59 65
28 18
52 4
74 10
10 55
22 59
66 1
50 26
3 89
25 48
95 88
75 54
52 7
17 51
47 42
62 40
20 28
76 83
25 70
14 13
1 81
63 83
22 41
91 54
61 42
88 3
9 20
66 53
14 72
88 99
65 15
47 19
73 75
31 58
80 72
66 37
35 79
21 48
32 80
100 42
46 21
30 1
50 67
84 70
100 98
53 97
26 92
66 43
96 48
24 19
77 43
29 96
92 39
19 56
96 87
79 36
34 81
64 1
25 12
100 5
27 77
45 58
49 47
16 43
59 64
17 8
51 23
41 85
85 7
8 94
10 65
2 7
85 24
20 27
74 11
69 27
76 81
71 19
69 86
81 89
57 20
53 32
51 58
37 39 70
34 79 62
82 16 33
95 83 73
41 52 49
52 33 7
79 22 68
76 85 75
26 83 53
36 80 35
69 32 65
36 28 26
25 83 49
71 15 34
4 75 39
34 25 16
76 2 19
18 21 42
95 17 18
64 92 98
10 44 71
22 41 58
11 28 13
90 10 67
91 79 98
54 8 87
47 68 26
62 72 75
10 29 89
22 78 34
7 98 96
57 3 4
29 44 93
84 88 79
48 15 78
30 58 80
13 28 30
67 4 76
68 48 20
40 2 90
24 62 55
74 78 73
41 74 47
78 68 80
65 11 6
64 72 35
73 21 31
19 41 80
1 12 76
12 90 32
40 75 58
38 26 31
3 89 66
61 35 18
23 99 77
44 69 74
83 47 15
9 70 2
6 27 5
52 16 71
72 75 73
75 20 23
16 78 35
20 9 35
71 16 87
75 73 65
85 26 57
63 89 48
19 44 28
11 71 9
68 90 32
96 17 56
6 65 68
69 89 80
87 9 97
50 77 47
25 39 38
54 45 74
45 40 75
25 90 39
94 4 5
12 35 3
9 62 6
9 22 41
23 68 70
53 43 71
59 79 22
76 26 89
82 29 40
81 63 88
32 36 65
82 19 68
53 58 3
50 13 90
35 91 39
49 26 19
45 42 83
7 34 16
41 56 1
24 39 68
