100 100
87 58
73 89
42 8
26 85
53 32
24 84
82 7
72 21
92 48
75 41
80 57
98 3
18 5
33 2
54 63
51 93
46 79
83 78
96 77
49 25
12 17
16 31
6 4
43 74
45 46
21 19
12 50
51 91
78 13
37 96
55 87
6 56
69 82
28 49
74 60
18 47
8 68
92 65
79 67
87 39
82 97
74 2
62 42
11 47
9 93
65 59
66 21
65 38
93 52
95 60
54 46
7 90
22 42
30 38
76 52
32 69
16 43
42 23
86 8
7 27
34 31
71 38
92 1
27 61
29 43
10 62
98 90
15 92
22 40
29 20
100 23
27 39
43 64
70 92
85 43
17 98
14 42
27 88
44 97
88 81
39 35
99 35
81 36
90 77
39 18
94 37
39 73
88 10
28 35
47 24
80 7
23 30
83 86
22 75
12 9
6 38
47 45
19 78
7 31
66 79
89 16
60 27
74 56
4 18
10 22
19 5
55 67
20 15
26 72
1 58
42 83
85 77
61 43
14 97
71 78
11 86
96 64
95 65
62 8
12 33
34 38
13 23
29 87
68 53
44 17
91 49
59 35
41 7
45 73
94 24
50 70
63 54
93 31
19 52
27 82
49 96
15 84
35 99
79 37
75 10
92 44
77 46
90 56
1 68
63 95
55 41
11 89
25 83
57 97
9 61
70 47
60 77
89 38
12 54
35 22
97 92
15 98
9 39
36 56
71 70
58 6
66 94
19 40
83 81
53 100
30 65
3 47
21 57
48 84
93 40
83 66
75 87
69 1
95 45
51 14
71 88
16 83
49 84
48 76
100 90
14 87
33 28
27 66
50 2
36 4
48 67
80 3
32 80
56 43
59 80
36 23
29 41
95 74
9 31
26 20
99 38
62 37
77 9
8 48 64
46 16 54
91 55 52
21 17 55
25 75 51
35 32 98
20 73 52
98 87 38
8 24 3
30 27 81
49 99 32
7 53 93
5 48 22
40 52 74
6 53 21
24 74 12
14 81 98
91 86 56
70 23 88
23 43 69
61 71 80
47 18 21
26 68 1
19 53 46
68 74 64
61 10 50
76 39 46
75 60 59
60 70 78
97 48 78
67 39 18
89 72 12
29 5 69
53 59 68
95 22 5
90 47 21
58 79 40
38 3 22
76 7 49
90 4 69
3 33 15
69 66 25
26 36 67
83 63 26
49 88 92
13 37 11
16 46 52
13 39 56
71 29 4
21 9 57
84 1 37
9 33 22
13 44 28
1 20 28
59 76 70
28 87 16
30 38 20
62 80 91
75 75 98
11 25 3
8 61 20
13 29 23
47 49 75
31 28 28
81 54 43
22 68 9
87 58 83
68 2 6
17 74 35
7 51 19
71 55 53
12 82 86
1 89 2
57 69 50
43 58 13
35 3 68
68 69 87
24 97 63
18 5 98
27 6 71
87 67 47
21 11 65
10 60 11
87 32 86
76 17 7
81 8 61
43 41 9
50 11 4
28 82 58
41 17 13
50 27 96
80 88 40
75 53 42
58 65 83
54 23 61
74 75 50
12 60 71
100 90 25
47 82 11
79 38 1
