1000 20
847 528
528 257
257 71
71 790
790 825
825 587
817 587
817 963
963 905
905 906
906 554
554 895
895 178
895 549
549 92
92 954
255 92
204 92
204 888
576 204
350 576
500 350
539 500
539 163
470 163
328 539
922 328
328 278
278 949
278 52
949 689
627 52
931 627
213 931
807 213
83 807
76 627
157 627
157 543
157 303
150 157
932 303
758 150
758 685
932 763
506 758
506 708
932 156
506 138
138 647
647 607
647 390
506 589
438 607
89 438
996 89
755 438
438 707
89 623
996 858
548 707
548 654
996 247
756 247
303 820
247 984
984 105
858 634
858 629
756 250
497 984
451 497
497 464
634 331
342 451
461 464
461 810
849 810
451 494
235 494
342 598
494 670
961 598
670 876
87 461
235 910
392 235
392 657
216 392
96 657
383 657
87 741
383 154
741 765
765 400
435 383
220 154
715 435
561 435
793 400
793 123
435 892
123 570
731 765
485 154
741 794
731 652
401 731
958 435
794 77
809 485
793 152
958 459
960 809
809 499
809 414
414 141
907 485
907 898
459 832
878 832
288 809
767 809
141 547
917 907
898 857
547 377
377 102
538 377
659 832
56 102
282 659
863 288
141 737
330 857
517 737
874 659
330 312
440 282
189 440
898 746
282 593
312 467
317 189
936 312
1 737
936 994
593 14
667 936
86 1
848 667
1 239
907 804
261 848
848 722
285 86
440 979
354 994
724 722
380 86
703 440
722 575
380 781
979 243
192 979
192 449
781 754
95 354
754 365
95 465
243 135
804 55
354 611
754 233
660 233
814 192
243 134
353 814
364 353
134 482
482 651
273 134
384 135
992 233
482 997
364 67
67 973
644 192
893 973
95 882
294 992
489 660
433 489
679 651
742 384
9 294
856 353
338 9
55 590
973 775
856 443
443 896
640 896
304 489
25 304
443 82
304 19
637 304
925 25
637 144
637 978
590 550
518 19
63 19
339 925
16 433
19 868
475 63
550 983
550 88
768 339
268 679
572 893
339 529
475 166
572 469
268 588
816 896
118 166
35 572
118 131
88 44
816 371
283 35
31 283
44 65
640 915
529 385
65 557
854 44
854 678
816 296
437 296
458 678
557 791
90 678
764 385
791 693
209 385
557 231
90 452
231 648
65 307
428 693
307 57
325 458
854 713
281 588
24 452
706 307
648 829
713 580
144 912
266 281
266 387
325 367
706 904
588 78
546 367
24 873
166 140
904 453
78 444
117 706
24 505
444 710
453 769
642 140
710 682
769 403
704 266
453 822
403 988
969 704
360 453
428 33
881 325
710 97
890 822
837 97
356 33
97 900
890 638
249 33
249 716
668 360
706 321
249 562
638 823
969 159
980 822
369 900
716 916
442 546
306 916
369 241
695 638
823 771
241 565
771 215
699 241
322 716
705 215
215 901
94 215
663 322
300 771
322 712
214 322
890 630
217 642
579 699
94 477
322 862
241 714
862 308
586 356
630 12
579 928
308 972
908 928
714 603
613 908
487 928
217 534
132 300
980 541
901 430
723 579
709 430
323 12
541 23
23 815
97 780
487 188
569 705
240 780
188 990
569 649
649 415
315 97
315 532
481 315
321 111
788 603
532 8
928 374
613 998
323 346
374 851
308 711
448 916
111 32
788 743
495 12
891 241
891 336
626 851
222 711
49 626
780 431
788 665
374 664
688 743
541 197
112 374
263 374
336 15
495 935
563 15
12 476
448 326
901 975
206 688
315 759
839 431
626 181
975 507
680 975
975 676
732 507
263 721
153 481
688 158
811 336
908 491
839 729
887 263
15 388
940 732
60 626
391 222
158 402
603 411
839 564
839 125
153 802
358 411
388 327
229 158
802 232
802 34
886 153
886 47
402 612
358 605
860 111
391 946
504 388
177 153
155 125
851 51
167 860
605 692
42 692
177 54
491 957
524 612
125 982
886 305
242 34
530 957
42 457
609 680
860 43
970 242
457 784
457 59
530 168
818 54
327 115
43 18
225 43
721 472
391 68
872 263
886 995
683 692
692 348
795 348
276 946
643 348
305 334
177 286
472 382
946 592
212 382
511 860
885 68
993 784
885 740
382 952
885 701
740 446
286 545
729 720
830 885
446 236
297 225
799 212
701 544
219 784
841 348
191 446
45 952
425 191
966 872
504 919
41 18
45 142
149 841
959 149
149 560
531 966
225 450
834 959
927 834
677 297
259 677
834 40
834 70
172 41
177 914
53 191
941 885
284 219
413 560
425 262
641 886
66 18
785 450
297 195
53 122
316 683
456 53
730 511
578 740
208 191
740 493
50 450
544 883
493 38
439 38
425 343
238 284
38 947
439 513
560 924
596 172
142 828
942 284
792 592
513 190
293 924
439 827
540 293
828 850
378 883
677 198
777 924
777 661
454 883
544 113
591 792
133 190
785 409
404 198
918 454
514 591
139 596
260 439
51 585
924 846
792 394
841 406
179 316
831 378
468 409
582 942
560 271
740 835
406 516
578 110
883 471
271 717
792 870
597 924
617 343
319 468
777 80
617 880
974 53
974 347
526 198
173 516
514 104
924 991
578 620
870 407
110 75
859 75
591 447
133 551
27 717
671 407
671 864
509 110
466 859
386 918
597 929
929 224
109 179
7 407
420 991
320 947
267 513
719 320
319 635
447 944
597 201
120 27
981 173
484 27
320 776
783 267
989 267
835 28
484 332
13 28
511 375
859 318
929 566
318 185
730 921
386 733
800 484
50 751
831 869
989 170
574 526
884 109
628 850
13 552
987 332
842 113
618 375
120 264
566 999
842 492
671 280
318 103
267 426
490 884
202 490
62 869
728 375
772 999
299 426
28 230
463 202
537 484
370 202
199 27
287 62
867 772
687 170
299 866
416 929
646 772
537 865
869 187
986 842
621 394
937 628
987 251
466 926
251 171
264 379
124 646
624 370
687 632
421 884
797 379
808 632
202 568
399 370
646 852
865 747
599 597
981 861
953 632
311 999
625 687
585 381
728 761
151 264
520 379
636 625
808 955
205 311
624 310
147 568
845 251
256 986
510 311
542 205
808 237
408 599
934 867
584 311
292 599
289 151
30 147
542 875
357 30
408 340
523 955
10 574
845 527
625 920
408 372
772 333
865 116
747 752
313 772
751 567
938 934
116 965
151 515
515 100
523 165
218 187
313 91
310 812
488 523
920 662
555 920
926 174
368 955
184 812
523 119
762 100
246 861
298 313
184 631
527 753
473 292
631 244
324 752
345 205
324 774
521 938
753 608
252 345
184 899
246 130
553 899
631 295
700 774
700 645
666 812
381 106
319 434
553 653
248 920
567 843
696 295
345 145
486 145
700 146
324 675
510 577
675 441
521 432
368 734
483 106
351 80
183 486
615 700
398 426
146 702
351 427
441 101
344 146
101 366
101 5
434 787
93 5
85 165
183 614
258 344
615 571
366 194
85 977
101 806
674 614
258 573
184 819
508 567
773 508
674 502
180 324
17 675
976 432
272 366
877 675
344 951
696 903
602 806
2 577
26 508
853 146
418 843
366 681
964 502
427 309
871 17
186 366
252 396
349 853
951 419
483 21
571 840
903 923
341 186
270 146
344 245
889 502
429 674
270 81
964 277
521 798
508 512
363 351
361 889
681 64
669 889
496 270
218 314
897 245
951 196
74 512
193 429
962 681
779 363
923 735
798 535
962 748
11 2
69 314
279 735
441 718
496 22
246 533
114 279
748 148
148 826
114 778
253 964
739 419
821 432
417 826
902 396
595 69
556 341
833 349
962 844
193 736
522 114
417 945
314 805
736 405
460 840
691 279
718 58
583 778
836 22
656 341
126 405
826 971
650 945
691 6
556 478
760 196
29 602
279 633
29 355
760 234
405 107
99 512
84 923
595 226
964 498
604 656
843 967
480 355
412 355
418 933
39 508
362 69
202 968
735 373
395 148
571 127
291 107
573 770
329 821
601 329
58 745
745 619
622 602
911 877
556 108
911 824
126 909
176 193
650 1000
655 745
108 175
976 913
656 786
968 519
933 211
393 656
945 290
604 422
37 393
757 17
207 770
253 129
108 337
254 786
337 128
782 207
796 779
291 684
226 879
61 129
445 108
813 745
474 207
855 656
1000 501
290 750
855 410
855 930
397 930
79 691
162 813
581 745
39 424
352 923
445 950
196 228
956 796
36 581
362 221
436 253
376 337
254 301
933 726
559 226
757 616
436 423
813 558
48 362
423 738
162 164
519 503
98 423
821 838
121 301
559 137
422 3
20 29
604 136
750 223
950 985
121 789
522 948
930 265
536 162
11 335
275 136
749 424
223 479
789 672
277 462
20 274
72 274
727 410
594 137
359 423
939 274
73 137
410 725
694 749
672 182
610 462
658 136
600 855
639 221
894 789
479 389
61 161
182 690
894 697
838 203
302 389
744 121
169 182
698 594
143 824
673 462
143 686
600 803
455 803
744 200
479 269
136 801
210 200
766 462
525 824
20 160
606 455
445 227
72 943
690 46
948 4
