10000 200
1143 5092
1143 6348
8588 1143
8588 1277
5092 8933
1143 3277
7906 8588
7349 5092
1550 7349
3049 8933
6348 3126
1550 3408
5731 3408
4627 7349
6346 7349
1550 8213
8588 7706
3049 5618
407 5092
7118 8933
8933 9151
3126 9489
9489 6557
7349 7521
2863 9151
3322 8213
3408 3143
9151 6094
5184 1277
4559 6346
5618 3328
8490 7349
2863 6937
3322 5467
9949 9151
569 3277
1703 7706
8372 3328
6348 7235
3759 6094
3049 5808
8490 8433
4322 3277
8588 6032
4779 3408
9949 7046
9949 4418
407 1253
3049 1850
3610 3143
2772 3408
7913 8372
3049 6653
3383 6346
8933 5615
1640 1703
6557 5491
2741 1850
4305 7521
6264 4627
144 1550
7046 6802
73 6346
7029 3143
6032 9557
2772 6592
3126 9389
5731 9195
3376 8372
2256 9489
1277 1977
2630 7046
1560 3759
1551 7235
144 8877
8466 6802
9348 5618
7906 5298
1143 9747
8095 4305
7473 5092
1719 3049
5350 2630
277 7349
144 1094
278 1640
1551 8147
1395 3408
5731 7671
6880 6592
1640 4457
8095 405
7706 6791
9348 1000
3376 6633
584 9489
7118 9027
9271 8147
1154 6032
4559 7522
4418 6641
9489 3317
8391 8466
9277 1719
1253 3357
8871 1977
7048 9195
2880 4457
1143 2422
6592 6424
7671 9048
8502 405
3057 277
6796 5467
7522 387
9389 9967
8933 1619
6316 1094
5731 1121
4623 1703
4202 9967
9967 3428
2694 8877
15 405
561 9195
4627 7581
88 5092
8769 6937
6880 979
3866 6937
3049 6469
8490 4310
5184 3215
9342 561
3322 5677
7659 8502
1850 596
242 3215
8391 1520
6316 7129
2303 1395
7044 6032
3376 4055
8378 8391
1256 7029
2048 278
6610 3277
6653 777
2087 8871
4457 425
3383 7948
5677 8165
1565 9271
1703 1093
8871 8498
4627 3438
8849 9389
2630 547
995 6032
7565 9967
8694 9949
9359 995
9271 2665
1253 5777
4322 8018
4940 6346
1793 8498
6346 2343
6641 4751
5111 7906
1824 1154
4839 1824
8433 9065
6316 2215
5184 1979
2694 8413
5100 6094
9004 5100
8616 6653
9506 2880
9773 9151
2698 7046
1171 1850
4305 9626
1640 300
9091 300
3346 6641
6010 5731
7235 8960
2337 9359
8877 3703
4525 3057
569 9836
9626 692
9489 2445
1491 1551
4453 3277
5615 9845
1277 8356
5363 8391
4305 3403
5832 5298
7959 9048
9348 1894
6653 902
9845 1114
2260 1640
8725 1565
7962 2880
2256 9527
433 2343
8502 5280
7427 2694
4913 4751
4795 5092
1640 7924
3618 2630
4009 8433
6633 2397
7581 9992
433 4082
8413 7917
5808 7923
4773 4623
1550 9107
1703 6711
5615 6385
4879 6796
7321 2880
3866 5607
7594 995
1719 7426
8943 1979
5832 1201
6264 2216
48 8018
9091 1318
6880 7358
6277 561
5100 4455
5777 3513
5947 7048
1640 8222
1114 3506
124 8694
1121 2809
4779 2169
3067 1143
3182 547
7046 471
8862 9107
634 979
7704 7594
1387 2863
5117 2260
3317 2275
1999 9992
8588 9335
4940 8021
4322 8908
9961 8165
2880 3578
2143 5677
6613 5298
3759 3843
7725 8018
1332 2343
3277 5973
5201 6557
5731 1369
629 7358
1315 9527
7906 1467
2694 8627
4670 596
7725 4678
9506 5633
8021 4483
9048 3002
3067 4362
8527 4055
7913 9838
88 8384
1256 1852
5815 425
6584 4483
1565 9171
9826 3866
5496 1395
4762 4751
8080 1253
7704 8103
517 9826
4442 2343
7118 398
1844 8616
2672 1093
7208 9557
1988 1332
9557 806
6291 433
8960 4427
8103 9421
932 4779
8126 300
2397 2389
6802 4614
8759 9967
9119 3703
9447 8862
8108 4779
8222 185
6791 316
6613 1913
4671 9271
6610 3293
1452 9949
4627 1324
9342 4189
2256 8207
4559 5353
4671 8508
7948 9833
2303 7015
9437 2809
3057 6530
5832 9599
3699 9838
547 2012
5111 4847
5301 8627
6534 6530
7824 4525
2898 1369
9091 9433
4762 3775
6660 8725
10 15
9626 5480
7662 8498
511 4427
5111 4552
8021 421
819 1121
2303 5226
7803 1560
4136 8384
1719 4527
407 2958
3182 565
9195 1865
4371 9506
9119 2487
7803 9428
5815 8972
1865 6230
5480 4438
6316 6067
4795 1680
2665 5127
6385 6982
547 6790
2630 3325
22 3759
3049 9576
1277 1041
9151 5334
3775 8992
2092 4322
1048 6469
998 7671
8134 5301
2481 48
6149 407
1844 6492
4100 7913
8108 7632
293 4082
1844 3307
1979 2205
1672 5491
5441 4623
565 5107
1332 5045
2048 7451
2260 567
5307 3357
3126 3031
2216 6401
9599 6148
242 8239
7581 8268
7029 4778
4137 293
9161 7044
584 1688
6507 2389
2260 4739
1895 1395
4100 9018
9911 2445
277 4094
7321 9472
5575 9004
2389 5812
6228 7048
300 929
947 5777
9625 7565
4420 2958
4687 584
6228 1302
6348 8053
8992 7860
7594 4146
9934 7959
5118 5615
622 3428
3610 8549
4743 5973
707 124
407 876
1824 6388
4114 7725
6323 9389
5908 407
8616 1061
643 4762
3718 6880
1688 4498
5307 3505
2012 8315
9911 7119
2682 7473
5607 5953
3483 7046
4869 7959
8053 6803
8356 3612
2788 9967
3996 5107
6486 7948
4894 9911
2256 8836
514 3996
8932 3403
7521 231
4416 6316
1171 7224
4549 1277
494 9171
1895 337
4082 7515
5699 4779
5359 819
1680 6587
728 4879
8762 144
1318 9243
8787 6401
7046 6677
2417 728
3503 6534
9678 3031
6790 8233
709 8384
9852 5092
3006 1824
5480 6165
4844 7451
5214 4416
2143 6503
6711 870
9557 68
1852 1401
3522 6032
8627 620
2169 8377
4457 5463
8433 3599
2485 2487
4767 5127
1564 2481
7664 4055
2672 9751
6325 4687
9929 4146
3328 5521
932 2722
6223 5953
7392 9625
544 8126
1703 9086
1452 2060
4671 3285
908 8527
4873 3317
3632 3277
5680 569
4427 2472
4844 1076
6201 6880
1277 3203
601 4671
6251 3612
9027 6702
1240 2303
3132 4879
5327 9437
2757 569
8963 8992
9602 2481
7948 6915
9182 1256
5957 5307
3959 9836
6507 7262
8490 3732
3410 2169
7924 2273
8207 6776
9602 8472
5280 4853
1375 8207
6982 5553
7134 9447
2527 2389
1977 2498
620 5585
4403 5815
6711 9696
5420 1171
4094 4634
2260 3995
3801 2741
3357 9995
1401 1817
9349 8095
9838 7379
1850 9846
3093 3438
5889 6251
8126 1639
5298 8959
355 3376
1216 2809
2273 156
6660 1769
4391 4634
5214 2936
3614 1154
2118 3610
9062 4100
668 2445
8662 1375
4971 277
4835 5808
742 9949
4361 5677
1942 231
8590 1201
512 4844
4310 6559
6401 1846
4939 3612
3520 6316
3526 3522
4114 7846
4839 4003
1564 4204
7996 9911
6264 2770
2283 1551
8746 1680
4896 1719
5117 5271
2048 4520
8126 6520
5214 5063
9478 4552
46 2389
1588 4671
6492 7089
1588 8600
7284 5812
8891 4739
3578 7681
7704 9868
447 2343
1565 6279
3498 547
7706 848
5795 4310
514 7326
3703 9544
9359 9594
4156 494
636 9004
6401 3250
300 8281
3776 5441
4896 4465
3093 4708
6919 9992
2772 2496
3293 9019
3020 6148
3829 6251
9359 9291
3997 728
6228 8814
7305 9773
1813 8627
9557 157
9461 3578
3408 5085
7664 1156
6790 1190
5322 4627
8053 4289
9019 4689
3843 6268
4538 7565
1924 4527
6401 7656
8108 8853
4940 6545
5005 8108
2233 6592
7749 6486
8853 7449
3549 6094
9009 4136
9852 4737
5092 1631
7860 7577
5491 8927
9773 6160
4003 516
3682 8849
912 2498
4043 5353
7664 2723
1878 6937
2941 9428
5957 9902
7917 7193
5673 3483
777 738
2936 5518
7913 9480
8433 5857
1048 6910
6201 5905
4687 9463
8451 912
5290 3428
6401 7531
4990 3376
403 1041
1619 9417
8588 264
4795 6904
1587 1143
9489 6531
6937 2148
4808 4751
1984 3632
9161 8179
1524 1564
777 572
6962 1332
7645 7924
6401 1258
929 6399
7235 9919
1383 2880
4559 6928
3266 185
6536 1383
5754 8959
1036 7645
5298 4387
487 6264
1634 4778
1830 5298
9696 4227
5563 584
2096 1850
7917 3756
9959 9461
9833 3693
6107 6385
634 3532
6277 4930
6201 4458
5334 2724
9033 8315
3682 2849
8613 8268
9681 9626
4939 8029
7858 5353
5377 4762
1564 7146
3304 1201
6833 10
9747 3836
3075 7119
3022 8498
6489 7917
9657 6503
2450 2148
8793 4839
1093 7898
9021 1844
6660 5584
2898 6939
8356 2548
384 6503
3161 7262
8782 4896
9480 739
4565 8508
5351 2417
9696 3282
7129 5110
1703 2349
5575 706
7306 5480
3632 37
9902 4265
6583 6388
5214 5654
979 9980
5404 2723
8473 6791
5317 3410
2698 7282
5127 3658
8060 157
9701 7632
360 7449
9967 2287
4930 6619
5433 1383
4656 4565
8762 884
2987 2548
7224 9796
1778 2772
3112 2450
561 6983
3322 6885
7740 4009
2936 6090
1216 5124
9925 7923
8769 3344
7835 4227
3635 2987
9827 8281
8195 6545
8709 3703
5463 9969
3997 7755
1913 9918
6859 2417
4389 9349
6251 9772
8429 3376
6492 8822
8769 8924
2741 7074
752 1520
4682 3428
7662 7785
3570 9065
7321 5141
1256 6930
5229 7193
1787 908
1524 1941
9417 6969
2118 2889
4458 5075
2349 4328
4100 1
9809 6982
6091 1154
4442 5823
8174 4520
3057 269
3491 1640
4153 7906
5731 4794
9182 9564
840 3503
4906 1672
4218 9428
6811 6557
1830 3446
6818 124
932 9259
3345 4990
2092 4345
3425 3006
6782 2672
7224 4735
8449 4055
3143 7698
7881 6584
8433 933
1097 5229
3203 202
4145 68
5111 5868
2539 1000
8382 7074
2548 1058
2316 6148
3513 2368
8782 4232
7134 7546
3436 3599
4416 7246
1407 643
3996 4454
8877 562
7959 5068
253 8372
9230 8490
4737 6064
6107 9651
1902 1277
9019 7462
6359 2863
7948 4740
4009 8000
6307 387
6860 8769
5353 7480
8268 4541
3436 8097
8126 7946
8080 2712
6347 9062
3342 1640
3520 6157
3228 8356
8266 4614
643 5938
7305 2861
7755 673
1601 421
48 5752
1216 9382
4082 6933
2889 9172
4708 4127
9515 6559
1895 1966
2388 5463
6489 3278
9182 7735
6904 3862
1269 1048
6676 4420
7282 2980
6930 7821
8195 6487
2980 3966
1230 5680
9504 5075
5518 8027
5731 2929
3685 4218
3250 3257
9272 4627
45 5353
5075 2410
6421 5290
4322 4196
8634 2388
8240 6982
5353 7154
3866 8514
8195 4510
9827 9025
709 2982
6421 7054
1216 2165
699 1324
1084 37
8050 668
947 9441
6239 2723
6609 2389
2165 8230
3693 9430
4534 7860
8959 4318
1923 73
5317 6324
4391 1909
2980 3087
9441 3104
2703 9461
6796 9659
7321 6991
5637 8108
2074 9527
8924 3985
9461 5037
3278 6789
4961 8862
4779 5101
2628 6230
9161 803
9086 7053
2444 1076
7321 3011
557 777
6424 3125
4682 8424
9564 5641
4185 8924
1158 6559
4124 1923
3322 1329
5888 3658
752 86
3896 3732
9171 6432
7881 7748
3342 8605
5555 8103
3428 1131
3404 9544
4894 708
5823 3167
3680 3067
9602 7815
3550 2417
5719 5350
3445 3862
6926 1329
7451 4761
5903 5938
2195 9349
8429 6645
4189 4161
4325 7860
9829 4389
9466 8933
7211 1076
8356 6725
932 737
844 1769
1171 7150
1877 6802
5433 4594
7125 2205
8878 5334
182 1094
1634 6406
9657 374
3599 8953
5117 2974
9066 8627
707 5168
7563 8466
1877 8328
32 8694
4614 8511
6996 7282
2880 2638
2464 9846
1253 9413
355 1533
4416 9792
2055 5124
3759 4444
3806 777
9159 4498
4689 7482
572 2874
9961 5811
4137 5822
3997 1222
8896 7150
9545 3345
4845 5677
1 8211
1828 1076
6316 3555
8416 5467
2074 5587
3293 9622
230 6776
1505 3483
3656 739
2170 8080
407 7736
940 8281
4055 5346
1213 7089
4584 1048
6916 8634
4538 7311
4105 4527
836 673
6312 3031
4156 9300
3278 4023
242 1841
9868 1426
7712 1923
587 1000
1339 7358
2060 3095
7916 4527
960 1941
6641 6643
8017 6347
5889 9629
1559 5100
6486 6199
236 5068
542 6489
3693 2044
2780 9868
9219 433
360 2806
2154 9441
572 4377
3342 1275
583 6507
7286 8932
7482 1479
4491 277
8376 5903
577 2169
8671 6915
425 8153
712 5346
719 2527
4009 4078
1520 5043
7913 1335
7616 7392
4751 9386
6916 419
7817 5467
280 7515
5441 8015
8904 516
9419 5553
8817 9171
4146 4920
5397 5201
2273 5986
929 2080
4145 1690
8799 269
603 6939
4538 3787
1762 2863
6374 6307
465 9382
3725 706
85 7577
4689 1948
8103 8599
1822 9151
4239 3776
5957 223
8107 1846
9344 4552
2154 3106
2279 8963
902 8503
5023 9961
9638 1000
4552 6720
3686 8376
5922 5518
5128 4735
5932 4627
4941 1631
1307 8451
3984 3143
8644 8814
3909 1894
9064 7824
8967 2080
386 4708
1335 5227
1154 9907
3896 1249
6919 1971
5467 6027
2118 1521
9394 8268
1806 7906
601 6968
6307 7512
2065 494
6832 5317
4552 8534
9466 6048
8534 14
6388 8714
9564 6739
2539 6797
140 8960
5397 2646
35 739
7217 6939
6791 435
6696 6406
337 4321
6598 5467
8549 1257
6796 8984
9419 3225
2012 4316
519 3257
7924 1389
2119 6696
2497 9182
4963 4627
3699 2122
902 3486
8222 7475
1971 2492
286 3699
5387 7821
4520 6537
2169 1847
6199 8531
2148 5627
1486 374
4671 9928
3723 5141
4453 6946
7284 8247
7285 940
6778 1551
183 5441
4687 9411
8195 3003
8844 1401
4539 9919
6091 1751
6939 9248
8609 9009
7576 9359
2095 1971
1158 5978
4139 5587
8376 9922
693 9389
7743 7473
4856 2987
8627 7993
2511 3686
9386 1024
7119 8344
3108 3278
4954 1817
1572 2630
932 258
2792 2780
6725 8689
5585 6055
7170 3215
7520 7089
8567 5585
7044 5345
7712 630
1302 4117
5902 8746
5197 156
149 8466
2497 4421
1572 6235
2628 6905
3161 5765
1921 3307
1213 9398
7312 7282
7054 2818
4420 1592
5427 7520
8145 7224
3652 140
2005 7662
6915 810
9769 836
8381 9441
1001 1230
6918 8943
1564 9673
6534 6433
3325 3942
9929 5024
3748 2863
1143 8698
5752 8407
6378 752
335 6739
6469 6754
4455 896
2987 7278
4761 5038
520 4043
3959 4912
8763 1001
908 6989
3503 58
6183 6962
9256 3228
4379 8725
4627 6400
1070 2889
3787 7114
2443 569
5298 4260
8103 5364
8814 9196
4740 2740
6519 9925
3491 864
1599 2316
8708 1395
8107 3080
2255 673
3960 7785
5037 2543
6397 6702
7858 1133
447 8203
7534 8021
9701 8777
6431 4094
223 6566
9945 7286
9949 5439
5932 6509
6406 4399
6818 8190
4139 1103
6173 8108
6460 2279
2698 6938
8201 6531
8451 9173
1195 6531
805 4146
6498 9421
9524 9389
2372 2672
7531 1386
5997 5100
6048 6258
6173 6198
5743 7803
1481 2898
8211 7097
4477 6969
7860 2224
6152 2772
7512 9502
2818 9157
9942 9025
511 5638
6058 7898
6531 4636
839 6789
6537 373
1993 1143
6590 8413
4920 4262
6610 8649
9326 6832
6165 371
6316 5378
9506 2807
4940 291
1442 5823
2193 8844
918 4939
8390 425
7989 1841
6048 2147
6264 1820
8625 5168
5777 6529
9908 876
7438 8407
6930 6039
391 8943
1131 7056
6039 1172
9550 7480
1442 9046
2628 1514
6536 1391
2063 6325
933 5670
9271 9766
2754 8384
865 6939
258 7540
8027 4995
8613 6949
3324 8384
4706 6359
4107 9461
8551 9678
8725 9999
7193 5249
3408 8576
4739 6925
8201 6062
2496 9642
9464 5587
8848 8708
5928 2723
3277 6729
7152 9413
3376 6713
4541 1120
202 9612
2549 2092
2958 4675
8963 2742
1481 1225
7469 9064
124 1936
1006 4204
3501 512
9159 5311
6764 4156
5027 9599
557 3488
3488 910
3789 3612
8932 7047
6559 3870
7347 9243
7064 7480
8145 6087
4604 8165
487 9035
3302 9701
9809 8349
702 3501
5922 7350
7771 1156
8179 3245
4218 6068
840 945
2277 6919
4076 124
178 1966
6064 3368
6199 9851
6346 5682
6079 6431
1559 6700
413 6930
6880 2311
4374 8017
8862 8578
8169 1828
2044 5200
4747 3699
3812 1948
3264 2712
5062 1467
2590 6039
1941 6675
1909 2000
454 3403
8415 6039
3916 4896
5640 9919
404 7321
601 7838
7783 912
7930 3215
3956 8165
3652 8968
9433 1274
807 5024
5752 1853
9348 5288
3570 6053
2982 5656
4812 3011
2486 1307
2995 3438
9462 9107
9942 1165
7869 7581
5247 9845
6736 2485
2150 864
5677 4245
3682 8931
1771 6729
9999 8863
4682 7439
7781 35
7704 9214
2148 8422
5629 6157
9472 3936
5353 1804
6337 5334
2485 9227
902 4339
4774 5656
5638 8185
8978 9999
5099 4534
2800 6520
9284 9626
3726 2958
3909 318
6120 9463
9570 803
8849 7322
1778 6177
5576 9066
8913 4339
3156 629
9596 7482
3634 728
3537 7015
6291 2267
7732 7656
8814 2173
4371 5859
3060 1762
7917 4264
2185 940
2015 840
5181 702
3031 6342
5947 5081
6325 3745
4572 7898
6101 5200
3726 7353
2051 6860
183 3784
8381 4075
723 5404
9300 460
13 6062
4136 7035
6849 9300
1078 2772
9763 7748
8763 775
6557 7175
5359 9298
1471 4075
2153 269
7089 7526
4137 3914
8362 5201
6614 584
6277 3348
7306 6959
6112 2255
5673 1326
6541 6388
4669 3438
7689 4082
1337 2527
4114 6561
419 9156
7933 6675
8848 9268
8071 5353
3433 596
2613 2074
7475 7932
1768 156
5762 6149
4153 6404
3403 2263
4994 8413
5815 1872
9792 3617
5315 1094
5384 4671
8783 374
4539 1422
6064 8713
4087 1988
1551 7833
4479 3570
4856 8755
397 4565
1188 6198
4442 8260
8362 4943
8201 2001
4937 6919
8410 7170
318 843
1628 601
3612 5611
5637 6978
7246 2367
4098 8060
8549 1772
693 351
1697 896
5811 9722
6068 5471
7262 7848
1926 8527
966 9852
3492 4483
9626 8857
6890 8709
472 9196
5307 7220
2311 323
5037 2209
6619 513
1460 1375
7760 9949
4356 2486
6424 6669
3262 4708
4767 9686
7835 2953
4630 5857
1865 6395
9368 3293
9020 2792
3170 7924
572 476
6613 4909
6374 6746
1580 3726
9846 4886
2443 7343
8382 2999
8853 9005
35 3819
666 9021
8059 6559
6511 9196
8189 2874
5587 7566
2176 404
9464 6941
9184 2154
1744 9851
447 1808
8210 4023
2030 9243
9504 9884
7372 9701
178 2196
9009 7639
3373 4706
7804 3317
4603 8233
1092 140
3762 1302
4727 3680
9792 8366
8933 9436
414 2628
1156 1074
7089 5109
738 8423
5334 9265
1234 2303
9999 1384
175 2722
1396 1853
5986 7642
2215 1827
4318 2017
471 7055
5368 9219
9222 5607
1389 5934
6791 6191
2682 8031
810 378
3486 3320
699 8584
2425 4232
3486 763
7743 411
4388 1592
8420 4316
8413 2194
9792 2440
2349 6255
8451 4936
5175 805
2443 8918
5155 5384
1033 32
5883 5346
6937 135
3020 9518
4630 1050
784 9829
5424 149
5449 6198
4011 8584
1481 1067
5091 2818
9066 2984
4534 3905
3287 2481
4198 9020
3264 7960
7451 2490
7116 2672
3956 1046
4895 3829
3610 4907
7930 2567
8029 4411
5447 1
6232 8502
543 7118
9852 9713
5023 2534
6068 5693
3222 278
9792 1968
7815 2827
9123 447
2440 457
1452 1861
5699 1264
7127 998
6611 2150
2001 2532
3602 932
8627 2526
2863 2405
5181 5144
2754 5336
4628 8050
3287 5442
1452 9415
5199 5038
6152 2795
9100 4636
1572 1608
7881 6313
7748 799
6958 6949
4747 5082
8385 6797
7455 9248
425 1617
2216 7202
7282 8980
6990 85
2205 8462
1881 5857
7960 3235
5021 6803
6232 1775
4614 8146
5891 1036
1004 5641
7553 4389
35 8639
5951 6702
471 6336
3410 2506
5471 1734
1768 3509
1053 9907
9797 4808
9898 2096
1897 6498
4714 1734
4933 8904
3084 2497
1951 3614
2567 5613
1846 7477
1601 2482
8750 7521
1550 1552
2273 8780
407 9070
1523 512
7898 4084
8428 5719
1533 5267
5615 5003
4341 6400
412 8407
4627 4657
8185 5182
3647 719
4895 301
6818 2765
2473 1813
7651 5973
960 6951
7581 1708
7319 8021
2589 4773
3602 7666
1557 9065
9564 9358
5986 9267
8823 5368
9434 7898
1050 7010
1230 5655
5091 7190
1735 3862
8184 6611
8161 7651
4549 4929
5681 7835
4310 2056
3050 6079
3729 3324
6782 1558
3506 2126
8501 6433
3452 9922
1387 9050
960 8399
2809 7624
2999 317
5910 1274
9119 4842
6336 2775
7379 3056
4659 4869
9898 6612
9904 7125
8713 3834
5855 9243
4332 3819
3476 2982
6906 2757
6399 6709
4732 2417
2991 8762
1388 6739
3923 2765
9504 7185
6297 7783
8504 2567
4013 3282
91 8060
675 2277
8866 8725
8927 7909
9340 7993
7712 8068
8055 6790
756 405
9433 7204
3228 5906
6834 8247
3999 775
7302 7035
3834 716
2876 2807
7064 7744
1384 3764
8905 6782
2645 3403
3987 9066
187 9919
4485 966
3139 7662
5266 9091
2013 3277
8807 4630
9838 6170
7659 9315
6892 3324
3245 5190
402 8814
4852 4603
3288 7531
1972 2498
8163 6198
2015 9787
517 8509
7202 2587
663 5731
1143 9032
4155 1850
2134 777
9184 9380
6145 547
9651 2919
587 5383
1201 6455
7146 1427
1972 6875
5267 781
8122 4438
9244 9344
7260 1734
8169 5994
3375 9100
2307 1222
397 7502
3520 498
6729 367
4497 4485
2698 8285
7321 352
9833 7718
8837 3896
1587 5487
825 7224
9902 6485
8557 5288
7189 9747
8921 6068
3729 1857
1890 3031
8973 7185
6804 2590
9335 3497
9892 8508
8332 4310
2999 3832
4305 1338
9361 7824
5433 9916
9701 3379
1559 9202
3934 5184
7417 6145
8222 5878
2742 8806
7897 8746
1622 2473
4371 9373
8863 6551
601 7929
4043 9702
5141 1279
7881 2629
281 5091
5252 277
7846 9088
3614 8795
3637 3348
2236 7846
1096 5351
7444 565
5905 273
6397 8115
7968 6010
7345 8029
8556 6378
2532 4745
9496 6431
5331 8857
7397 4318
6554 1524
2216 4769
9468 884
9207 4670
5561 9751
7134 2359
4963 2533
1495 5331
7542 1171
5830 8953
9686 279
8875 4572
5593 5811
373 866
8287 7189
5455 668
4296 2444
1762 7751
8864 253
7962 563
649 6235
192 3997
659 4442
6875 5740
1344 1926
9080 7698
8694 7062
8288 3832
8320 6557
4774 2387
1743 355
896 400
3808 9651
4737 8893
3375 3349
1049 2772
347 5201
2854 4155
74 4936
7376 1841
5144 6865
730 8428
6614 2812
4098 4797
6239 2086
9388 8599
4824 6536
7465 3324
8473 21
183 4256
7367 1154
4795 7990
692 8221
3231 2095
3368 7128
5135 5068
9013 1103
1979 6943
6566 2182
819 4540
9487 5181
5463 356
807 665
8582 8103
4339 3332
3395 4232
2276 6906
7781 6185
9838 7275
567 715
2089 7116
2386 6325
5883 47
4379 1839
3428 6024
6246 2874
4447 3497
4884 2205
9377 471
2715 3960
8068 1603
8060 3151
3873 1093
5296 2359
2786 8213
6974 803
1745 4779
1 4921
3414 8161
3776 2323
15 7676
4341 811
7156 3344
8029 1173
1836 2410
4198 7975
3158 2015
3287 2985
7824 5403
1213 8290
5903 1333
1734 6495
6409 3682
4418 845
8987 9466
4450 1565
3155 9766
6757 4457
7175 779
1926 2136
5553 9384
6489 655
8429 6591
2250 2694
1668 947
2744 7858
6904 4829
8095 4382
3870 8178
5271 9241
5815 4587
799 4793
4177 3112
8312 9787
5281 3084
6148 573
4470 4565
4415 9342
5931 6090
9625 5040
599 5563
4398 945
575 9032
335 2711
4987 8844
3237 8174
1213 6589
5463 5285
6536 8592
7671 290
7935 7134
188 279
3634 6632
3332 2801
6201 7049
2981 2506
1895 2447
2203 4177
8306 7576
6824 4587
3647 9886
9200 1258
5522 1024
7201 742
3584 4829
9250 2587
5369 5331
4161 9694
1133 2655
2982 2783
8897 3002
2169 3399
6018 4896
8913 4932
4975 4793
7347 2319
1861 2964
4013 4064
2123 7302
1622 1648
3723 2793
626 5005
7958 699
7168 9035
8627 4109
5311 172
2704 472
2195 2890
9266 4824
9509 5615
7475 3448
3145 9227
3281 9300
4252 5593
5832 4407
1688 3242
4317 8332
6264 9996
1804 2636
8145 9204
356 5744
5670 2886
5740 3805
1285 32
3067 3514
709 1412
112 6091
3287 5718
2687 844
4282 6918
1318 1035
2745 2283
5111 266
6438 3787
8147 3086
5548 1972
4155 1815
9849 421
5691 68
8117 4936
32 7171
5092 8744
5490 752
4926 2182
6708 6469
4772 3428
9817 2486
2909 2567
9918 9383
1680 5178
8987 2805
4103 8904
3918 4127
435 1178
2874 8536
9884 9045
9021 1015
1257 1138
6636 1861
4527 2659
2013 3695
6655 5973
8795 6256
7947 3829
4374 2070
2861 9562
3682 8302
4227 7991
2539 9954
6169 2150
2023 3242
5533 4444
9844 4994
4173 4497
7695 4743
2793 2611
861 3599
2311 8658
4026 1977
6550 3325
1841 8512
5668 4845
7189 9977
2011 8031
4348 557
7725 6117
1230 1875
2173 239
1728 908
6283 7760
1985 1452
2105 4262
3942 222
5254 5135
5851 979
3422 7645
9548 912
7663 412
4397 4939
1708 2933
5417 5754
8705 5311
6527 3748
3161 2710
5327 4683
2782 2964
3228 2321
1830 8028
6736 2163
3612 4550
94 476
5546 2665
5584 7724
4444 6805
4659 1965
2763 2964
3809 5092
1894 6626
3219 9005
1067 7002
2228 9599
7725 5191
6569 4153
6228 3036
3051 6711
8605 1645
1356 6959
1690 1218
2811 9009
7760 6961
9702 9674
2763 2913
9173 8311
3745 1937
8259 1307
1247 2710
6221 9394
1993 3033
1297 4265
6696 8412
5664 7835
2765 6850
6941 3180
61 3775
8015 2515
2236 1347
1034 2889
5231 8987
745 5369
2519 9713
966 1855
8108 814
2224 5926
4455 9225
4587 2685
5618 2334
901 157
9506 4672
1628 1366
403 2281
4388 7459
4682 9874
8762 5312
3373 5943
1865 2840
8772 1388
4869 2174
6779 7349
4799 2638
122 845
3349 3220
562 1606
5185 1471
2263 7467
7199 6232
2516 1035
2952 9892
5693 7457
6843 4415
3870 3689
5346 4927
6064 4224
7801 634
400 8923
5298 5646
3031 3097
4845 6345
8108 5458
1230 3542
7343 3023
1790 9171
5784 8201
517 8076
8549 9306
7204 8149
2074 224
9156 3015
698 4415
887 8207
4498 4073
6640 5938
9207 594
4881 7235
4080 1356
8428 8985
4087 8873
6332 3506
8266 5413
5300 172
945 1737
2586 6251
918 7775
2913 5115
6503 322
1454 5024
2031 5902
1156 5018
8123 4682
6850 8291
9902 5497
2876 8487
6919 9689
9884 9217
6791 8507
4532 8921
7088 322
3461 3033
4576 4064
855 1172
6378 2983
2915 7521
9802 4345
7630 3237
5484 8233
3373 598
1564 1079
6776 4521
2772 1952
4576 1530
8793 8488
3874 14
8927 5674
4229 7594
1491 4509
4260 2076
7156 1903
5621 86
7951 9326
1332 7513
9358 2545
9845 8797
4899 6058
2267 8712
9039 3445
1645 1331
9509 6801
3513 6547
4576 992
4043 2632
9660 3732
2754 7368
8233 6710
5300 533
4238 6492
7815 761
9137 1921
13 1404
4816 3125
5711 4797
4935 9335
7106 4587
2122 5324
2972 3999
7958 4854
4180 6010
4191 1274
7279 2636
4741 3985
1966 9725
7559 7531
78 7347
7580 5458
5891 4222
2964 4718
4721 3320
9209 5752
9204 8419
5516 6324
699 7972
4561 3682
1126 3578
9884 9837
7558 8378
5211 4779
3220 2667
1643 5266
2017 802
1983 2279
5561 5239
2548 1405
8161 6156
3381 3020
7259 6495
1061 4679
1202 3242
1690 6131
4743 7111
7989 8075
6292 896
1379 2450
2267 994
4194 8893
992 8944
5431 5005
5680 8138
7736 1089
869 9217
1892 6438
1725 6811
2686 7724
2857 5420
8411 4055
9363 3916
5957 2409
6641 3053
5255 665
3332 6137
4299 693
5259 1067
683 8896
5530 7260
9705 487
8462 2419
5003 746
7846 5204
2662 1890
5200 392
7629 1828
3381 6570
4333 9725
4551 6933
4321 138
5953 8541
2169 2300
3156 510
4104 9306
2482 2652
617 4594
6787 4745
3976 6489
2545 3065
3402 9629
848 6104
4496 1405
9652 8924
3805 7389
8536 3903
72 643
6978 4644
8623 1015
1587 9935
8593 1530
4870 3555
865 9353
1530 7674
3832 8856
7744 1039
7255 1387
6170 9990
3751 5045
8212 2015
3748 7523
7958 5055
8178 3178
866 2365
6562 2795
6398 3652
4742 4767
1688 1945
3338 979
2677 4043
947 2771
5018 6273
298 6961
1034 1578
3235 7007
9796 2069
8746 1413
6347 2563
9749 2793
6614 3263
5043 3967
8149 4302
2029 4634
7111 9740
6711 1203
1391 2855
3592 3219
9119 7509
6929 9935
6905 8345
7930 6361
416 4706
2711 1694
8780 8129
6985 281
2260 2166
445 156
301 3179
3058 4389
7173 3225
3529 9849
9694 5968
5134 6860
9204 428
6499 3726
5815 9641
7403 3896
5731 8269
7202 856
5181 6302
3899 6145
6239 9211
6540 6636
89 6832
8573 2898
4150 9100
2984 5907
7959 9897
916 9064
4765 3003
438 3903
8165 24
5452 719
416 2369
1172 3788
7526 9542
2389 383
4479 7269
988 3125
5637 9936
7538 3832
2662 5573
5264 8905
673 8110
4670 2293
4829 3271
3921 1369
9354 8527
1971 1117
5424 1113
4773 5935
1019 6536
320 3293
6853 6782
6928 4278
9394 2746
7185 8369
5224 7156
4906 6023
8754 543
1076 1110
9485 960
7134 1012
4109 3134
7869 3662
4087 3068
9187 8247
179 187
3558 7397
4521 4380
5952 8527
833 5851
3039 9214
3011 968
8059 2924
1540 8179
3336 8849
5358 3942
4282 4358
3084 1720
1405 2572
2781 404
4232 8764
8586 4289
7875 5043
7841 1039
8020 9243
9860 8787
1067 8474
9318 8428
1660 1523
8959 9109
4774 6484
7869 8324
3131 6551
9923 8222
6584 4346
5588 8714
5214 490
1951 2245
4820 2015
6487 7301
5012 2096
2070 7113
1275 8250
4679 4147
9249 3179
7730 6068
9945 5753
7627 2165
1249 4988
4968 6754
2910 8356
5586 8420
8174 8316
4726 8068
3985 8751
1874 8240
7666 491
4317 4667
6167 2316
9439 3801
4941 5470
8518 8071
2103 2065
4224 129
9004 9163
1422 6365
285 2076
6586 122
8864 1095
945 7241
3155 4571
8689 9757
5091 7702
848 7250
7078 1951
2485 5846
843 5700
8498 4807
4631 2445
2317 7088
2396 9919
1598 7946
8411 2728
1439 135
6985 100
8536 8482
8707 4767
5200 2130
2228 1933
4214 6619
7771 3645
7524 7467
6368 1645
8890 8787
4917 4003
1036 8277
562 7400
759 5855
7512 720
5929 8763
6851 5516
386 9690
6163 781
9414 5092
2818 1508
8102 1643
2026 5249
9476 4204
6104 9894
8744 6734
536 4509
1708 479
5584 7942
7707 7629
3584 3561
8416 3366
8269 7291
8269 369
8816 7712
4570 7917
8438 4870
2828 1495
6609 3407
4342 1769
5252 3082
183 132
1524 8276
3970 3235
2664 3349
423 2840
9769 1683
7894 802
3315 8984
9414 4916
8472 6280
8764 8701
8627 2149
4239 722
5743 1649
2219 994
5626 6232
6434 6239
5653 1324
7222 8616
3525 4310
4561 5132
1621 5155
6926 9552
2762 6905
5302 4682
8425 2419
2057 3315
454 9941
9863 7689
426 8701
5517 8240
4775 742
6452 9353
5528 4262
1427 7366
4465 3965
1526 8424
3549 2871
6307 9063
3759 2480
3259 543
8894 1645
2751 6782
3894 7947
4073 4989
6846 6613
9241 422
1533 3214
6421 9569
8957 6023
8355 6374
7081 5935
9961 7182
4617 7804
1253 6723
2470 2909
2763 8396
5578 2913
889 5994
2388 9906
1237 2984
3270 1277
2904 1926
8027 764
6190 4775
3203 1496
7379 7533
1131 6284
224 5692
8443 7869
2904 6214
6944 3812
5947 2129
7074 7092
1688 340
2581 4374
3757 5618
940 9403
589 8102
1909 5198
1605 7046
9004 5757
2445 6733
3274 1495
2319 9213
5099 7554
8813 9562
5132 8280
7649 1039
819 314
8824 2492
8964 869
2520 3618
3550 1429
6012 1936
6774 5928
1381 6713
5891 7471
2287 7385
9108 887
6807 3635
1024 5476
1079 9174
6168 8891
7607 8260
9159 6516
8540 5699
1526 9709
7989 8819
3646 1404
5220 281
9451 5555
6792 7523
2540 2520
2568 6969
535 1347
8774 5346
9530 9796
9688 4189
6386 1326
4167 8076
533 4017
5471 390
413 7866
310 8316
8893 7816
6520 8036
1809 4594
7447 2443
8120 8207
940 7059
979 4493
2166 7573
4680 8396
6713 4804
4125 9527
6444 4614
3770 9673
908 4814
1846 7117
3920 8362
7563 9633
596 7734
3369 3161
1179 4794
5647 866
8466 3239
3107 3278
7921 5296
1062 3134
3578 5460
3291 2664
2110 9576
161 3031
7373 1598
1523 5366
4023 8352
929 152
7607 2737
22 2653
9367 9462
9465 5470
8526 1079
9354 8971
6020 1335
1874 6382
4377 9471
1356 8496
7449 6287
3381 9410
195 9410
6625 9187
9443 2572
1629 9928
9540 2260
3142 9919
4797 7798
1188 1899
7900 9354
1669 9874
1591 8783
3908 5229
7951 9197
8246 6486
94 4753
5875 2806
2763 8371
1957 7286
1418 2147
626 6306
6412 9267
5966 347
4467 351
3298 4387
9158 2205
2915 4086
3235 1273
9330 6452
4794 8660
5397 6526
1387 9010
1288 9544
690 2664
3579 536
2290 8536
23 421
3986 7816
1043 5197
1474 8416
563 5320
7471 2599
4296 6142
4775 2479
5249 5233
4299 3560
4733 2185
9249 5474
9207 6840
6817 9659
5606 806
7751 6144
4187 7250
4879 8770
9645 8923
6598 7886
870 5520
4323 2492
7935 4553
9065 5583
935 7438
776 7531
3952 4539
5304 6306
1096 9139
4862 6951
813 1557
2540 1885
7190 1506
9659 7859
6959 3388
7281 9833
567 1823
2992 4636
3358 7321
8469 4570
1207 5062
9154 5951
2796 2599
801 2655
9486 3245
1695 3646
1496 7795
9639 3281
2568 1756
3998 929
8599 5357
8107 9745
8521 9550
7286 7330
8243 6944
1932 3161
5616 2149
1027 9100
4492 8028
5460 789
6263 3976
9994 2359
662 4988
4797 3471
4748 1213
1084 3455
2217 9380
4807 5002
8384 2370
9196 6873
2131 279
7620 9250
8311 501
3011 669
392 1196
7219 8311
7049 2966
6466 2496
374 3081
2262 5397
9471 1613
8890 5502
9217 6278
8429 9741
2524 1486
9007 7607
1975 5111
1010 9929
6081 5327
4484 5517
6746 9816
1984 8594
1370 9544
4723 1120
5798 5691
3621 14
6494 1824
940 3005
5804 583
6985 353
6874 7642
7012 5331
762 5851
5674 769
6424 7619
6757 5328
2624 9004
4741 8778
8746 7843
2075 9227
3693 9060
5517 3415
9991 3960
8102 5663
4989 5321
2901 9174
2144 856
3956 2969
4876 7540
1640 5386
1104 6983
9568 384
8254 1857
9980 4295
2333 9277
677 4316
6527 7331
3187 422
5461 2334
9440 7447
659 7264
4347 1608
6445 6733
1208 7993
3570 8621
9449 1395
7069 9033
8715 3525
9705 2049
1946 2638
5265 764
5968 7408
6142 7412
4917 9455
6895 777
6620 3106
9018 3105
3693 7267
7693 6279
4080 79
9180 6297
6481 1179
3873 106
2321 5995
214 1847
9921 2387
4354 4239
779 1699
4619 3336
8567 1783
8222 568
3452 4825
635 7513
918 1025
4297 2095
3923 7782
5362 6589
3591 2410
3804 1903
565 7539
713 2136
8295 8527
3866 6069
5876 222
1261 6915
2465 2317
7707 4781
3999 2688
1757 6640
4467 2493
2322 1613
4389 5352
6643 303
9524 4972
7685 2219
2496 8996
8272 185
3197 402
5213 1966
9331 9107
5793 5452
9203 5182
7493 5420
6349 8819
458 2772
5888 4463
5117 4352
1401 4635
6720 2574
4510 8130
9527 7622
4510 162
3753 870
5822 3195
10 4141
4194 7717
5565 8420
7860 1299
4835 688
7942 6319
7015 6254
1356 504
6907 3646
5395 9478
6811 4830
8340 6144
8871 2172
8349 6513
4318 9491
8182 416
3573 2154
3601 6904
8763 7496
4087 244
7035 5418
7096 7358
4407 8484
144 8628
843 2231
6082 4189
714 355
9050 5356
3008 1680
7676 8229
3047 4995
6404 7953
7885 5288
6464 3105
1926 5741
6373 4064
8916 889
2222 2031
8621 4998
9607 4189
433 4661
19 8932
375 1004
8384 6726
8885 1680
4855 662
8045 4318
7466 8268
3473 7306
7659 828
4842 8581
6640 3813
6933 3430
3618 8101
5414 7534
8552 9107
9197 1905
5752 6795
3023 1939
3399 5559
945 2098
7689 7233
9858 4576
7480 2647
2307 1164
7931 106
2158 3558
5128 1497
4967 2590
3252 9180
6970 7220
8236 6613
1816 6962
72 6960
915 4963
7175 7169
9670 5091
3369 3835
6489 1125
7122 9461
8987 3311
3859 8514
7793 3614
5515 4064
6475 6400
8504 2135
1321 2222
483 7509
1064 2389
933 5475
4318 1354
9670 4012
2399 7932
9781 4127
6636 6103
8759 8398
9733 3373
8782 4233
1005 6509
2098 9970
6083 7712
8183 8280
939 3997
3947 9564
9098 5018
9217 6599
9113 3322
2805 1594
3763 6974
3471 8524
4549 7296
9588 8266
2458 536
4371 8879
8290 8603
7366 7038
8980 9635
1334 3984
1707 21
6752 8385
366 9802
2661 4418
629 7532
1583 2532
334 6824
531 5362
5406 4745
7605 1793
5006 2723
8522 9045
8486 4687
6309 8266
8857 732
7118 7701
2802 1333
940 5710
9151 7263
6410 2228
4152 6148
3800 6345
2896 4571
7630 7640
8291 5571
3039 2784
655 1428
9765 106
9039 3120
2780 3719
4930 941
3011 4840
6708 7599
6860 5108
7551 856
1413 4946
7584 258
388 7599
9269 2386
4667 6303
8316 8743
2166 4676
6832 509
3730 7154
8033 1036
9930 708
2349 3238
9811 2472
3995 4543
6599 9355
7252 8592
8705 1372
3366 1567
9448 2337
2022 8522
7301 4658
9038 9005
5040 1147
6200 6937
9571 8145
9793 8316
8243 9931
6308 5681
5517 3928
4721 2700
6672 7909
4586 5752
6770 73
6748 918
8784 2170
8302 7830
23 7324
390 6897
8507 907
8830 4856
6640 4526
2111 690
5699 7862
6625 2625
430 4829
3561 5096
8003 9363
432 322
679 2005
3017 4403
2588 6748
7518 3617
8361 7069
4364 6165
8806 9828
5003 5781
4950 3732
5105 9157
8750 368
2753 3358
397 3100
8159 2783
8649 3465
3307 9001
7423 1942
3254 8247
1758 1049
5174 3934
5561 1224
2287 8788
4111 4196
5668 7404
713 1949
3070 801
2762 9205
780 7743
2416 1844
6391 4926
9588 6472
3758 2126
3155 1650
6854 280
5302 3160
8733 1497
6677 8828
3086 867
616 2886
4525 7902
1192 5214
8921 2018
3406 4492
5337 7278
2031 2815
1517 9936
6452 1644
565 4848
445 4776
6828 1719
575 6777
2879 4141
121 5907
6279 3401
2038 2586
6268 5886
2023 9736
4642 6221
7621 713
7062 8818
93 587
6905 7476
6412 2164
6431 3869
9303 5184
4098 3747
6762 3921
5010 5907
5588 809
3311 418
80 4265
4216 9894
1606 5058
6729 4595
1329 2435
1790 69
8039 2611
1314 4013
5225 7053
5346 6125
8203 2691
206 809
7745 3274
2590 9549
7771 8575
6588 8443
6815 2048
8326 3726
6163 434
9880 5317
2804 2876
7648 5296
3368 4336
5002 6866
7664 7767
6719 6062
9859 3049
5692 1456
8122 4326
6761 7531
6216 3445
6460 7391
8239 9728
5096 785
1278 8540
4059 8391
658 8021
1509 9681
3786 6865
2105 766
5288 9822
4669 7371
5 1926
2545 8577
3662 6703
5946 5798
104 4525
356 5342
8543 7804
2797 7502
5643 9836
2251 8240
3062 5484
5269 7038
2106 9921
6944 8907
6850 8585
1161 1006
4348 6456
5681 4099
3778 8725
4155 2133
3158 7425
8960 196
2532 5704
2666 9934
6023 3443
3375 1483
1207 4712
2374 9996
4495 4743
5128 8430
4379 1556
9679 2664
8981 6545
4659 3463
6279 5667
3770 7011
4235 5081
2678 5023
9362 7048
3474 3923
7993 9028
6173 1029
1281 6481
4032 1644
7457 1919
8414 2129
5580 960
3180 2649
4605 9027
316 6844
1318 4790
8249 6961
1813 2010
7367 6184
2303 2257
1406 7566
9001 3130
4543 3930
7548 2154
1993 4581
8233 9481
3211 8780
8572 4687
3212 4894
2214 2539
9812 4733
8174 7292
1447 7204
1585 5997
9645 3076
2034 6985
5871 322
8630 6337
1095 7849
8699 8751
472 8092
2576 121
689 7330
3868 7559
1336 7577
9941 7082
2801 1466
5107 7789
2371 6554
7109 8430
719 8956
2156 4804
2457 5
843 9111
5066 1850
6835 3965
9812 9274
6225 5704
8248 8836
6753 9925
698 1620
3031 4129
5847 5951
6511 7318
5481 1275
4017 7364
9156 500
7359 3060
3984 9721
790 5744
2463 3369
3466 7324
1752 5646
3984 8738
6892 1436
6599 9309
5249 9704
4868 501
140 7737
2090 3446
2871 7655
266 7514
6159 5211
3254 6357
3351 6736
2930 419
7942 4934
8437 4421
8926 5224
8549 6196
6511 6888
1359 994
1668 4144
6983 6647
2431 9222
537 6191
8117 656
2794 3167
4871 4559
5923 9439
4779 9253
285 3507
8060 4221
9400 2257
6394 9330
6281 4930
9695 4534
6733 2642
7547 61
2788 1696
9870 1050
4721 1132
7779 2217
5007 2463
1397 3060
7670 6904
6480 1941
4870 7042
6376 764
7258 2133
5246 5762
7792 1103
8638 5846
1334 379
3783 1696
2353 2300
8419 5287
5027 5326
4117 6017
3064 6851
5096 7589
1828 5031
1530 3609
1415 9447
6350 3438
6718 8822
4471 9243
1178 3605
5437 7743
4214 8561
8490 8663
933 6193
4137 7101
9592 7259
9780 5953
9160 5871
4438 7825
5296 1685
6541 211
3120 8007
8733 9444
392 6921
5047 6256
27 6198
3111 202
9486 4390
1559 5459
1301 1093
7783 6195
3642 3131
1771 7579
6890 9841
5426 4587
7813 7859
1589 9025
7684 8561
8890 3643
8545 1247
5525 89
6284 7690
7024 2581
4013 9716
8382 3644
2252 5611
9107 797
3752 320
2992 9900
484 1550
9005 6822
8815 1389
29 9063
1542 3100
1078 822
3809 6022
9238 9817
1513 3064
5548 5877
9399 2293
3085 2995
2209 3884
87 7579
1702 941
352 7887
2723 3508
7338 5521
5017 1983
2117 4252
995 7265
9762 4161
3680 8528
8509 1618
1475 2166
5435 5447
7205 1824
9624 4907
9929 1252
9393 5459
8066 422
959 7480
682 6796
231 1086
236 9145
4465 5212
6877 8528
3002 2679
9302 1216
7260 1283
2363 8356
5487 5898
9599 128
5475 4752
6547 8975
1140 4390
7855 5533
7470 3960
7304 3942
2586 5924
5296 1136
3434 3685
507 2368
2909 5537
1173 8119
5103 9949
4992 5461
3104 5642
2654 4328
3957 7185
8053 3597
8905 7178
3600 1804
72 1626
8460 3322
7246 8520
8918 5466
9775 9773
6320 9439
425 5145
1079 3670
3680 4684
4758 2969
7056 5818
2225 3322
4920 8188
8415 5746
8987 9022
7474 543
4147 3435
5285 3861
8221 1141
8603 1666
976 2147
2076 7762
5386 1446
3491 2908
2947 9509
277 8687
4335 8496
6473 2063
3445 4475
513 3766
1653 3916
8654 4804
7713 2089
129 9324
6241 2688
2306 8490
3950 4895
1240 913
9713 5323
2202 8119
2184 4127
6866 7320
6978 446
2810 2666
1119 766
4398 1910
7984 2163
4832 3730
5423 7182
4286 9829
5304 7492
7471 9015
1769 4697
8712 8785
7264 1150
3690 9398
5118 3365
61 4566
5270 8291
7233 270
831 9502
2794 3651
8523 7074
6487 5090
4005 7097
107 214
2871 3826
3606 6710
1605 5539
3475 1521
5635 61
8399 859
6868 1572
114 374
3220 7752
6410 9842
6686 3351
5989 5647
3901 9361
4862 3166
4457 7244
4150 1296
5533 5488
156 4243
7126 8315
3277 1123
9790 869
2316 7850
9930 4249
6875 4486
3851 5718
4659 6908
3412 4659
7735 7307
5234 9468
399 4913
8405 4204
7057 8269
8771 8534
7491 2889
5903 7361
1771 2834
8173 713
6816 6264
8784 996
7088 5570
8224 14
409 491
2395 3522
3464 4659
774 3003
5253 398
631 1321
4364 997
8653 74
5068 9026
9071 8222
4858 2110
1250 2431
9023 4152
9802 3059
4570 6997
9480 7227
7774 1192
2863 2234
4391 3915
5123 3324
9196 234
1576 8236
5858 5570
6944 3045
1255 9045
4216 6992
789 8565
8426 6752
7027 2387
6330 6397
9679 6823
8786 8576
9250 962
4229 2867
7779 8048
3735 9108
1118 7301
5517 166
6031 4137
7985 4510
1934 7096
2808 3401
955 1690
7450 4971
8287 8779
24 2284
1599 1425
7090 5670
899 4155
6535 3921
6959 9794
8937 5225
8244 9171
9556 2193
3254 7008
84 2065
4419 3787
9461 3938
1526 2014
3017 6260
3553 536
766 1602
2255 7941
5923 2650
432 3931
5377 3955
7457 2045
7226 6611
9525 2165
1459 3008
1719 2116
4492 564
3922 2126
5110 7431
9511 1039
3225 8172
2287 8554
7952 7171
6310 8075
4689 1777
8702 1283
690 2718
478 8366
4751 8595
4933 1663
3683 14
4017 9166
6138 8527
9666 8122
6011 4884
3435 6769
6811 4370
5138 7250
4189 1918
4863 8381
3503 8072
6293 7349
9678 7867
4440 802
7882 7947
9889 9200
9080 3089
7769 1354
6480 6294
5879 8399
8131 587
7624 7564
8572 6140
93 6994
4707 6840
7599 3198
7780 5287
5771 2136
4156 2061
7259 7434
2773 1344
5819 4871
3815 3745
1735 4157
2373 766
9340 1904
5157 1853
8965 9065
531 7588
3651 1627
4446 3311
2373 9104
6633 4931
4181 5765
9141 6906
2672 9328
5892 2277
3609 4887
781 3734
8437 1964
3317 2593
7253 2567
1477 9382
9936 2702
7011 1016
7686 1278
5449 9503
5833 1666
9630 6834
2444 684
9433 4179
6333 8864
6953 2117
7831 8985
294 1606
6346 1482
9249 9737
2645 116
9080 7507
8627 4200
9044 3498
7421 6818
4023 8988
9496 6975
6397 9810
3177 4232
3669 6885
4239 8682
8963 2699
8412 6585
7698 2626
5715 5027
3766 3932
2801 3717
8574 1627
5272 6438
3466 5791
4379 3882
8061 7962
6625 6903
5000 458
9203 1684
2409 1544
1924 5988
7180 121
8222 7603
2994 4457
2260 1430
2539 1792
8750 3566
4392 2629
1903 721
204 3483
8925 8689
1638 2252
7151 4407
2305 4769
4082 725
3242 6393
9286 2001
6649 4229
1636 9487
4493 5672
4290 73
9297 4672
3261 2174
5342 6869
2973 4950
3718 7489
3452 7052
2331 2000
6213 9291
2664 7912
141 8172
9826 1139
9705 1670
7011 7794
8244 2648
4432 1288
6656 4299
8875 644
8116 9200
1957 5086
9607 1503
6196 8796
2203 2523
6322 9384
6113 6495
9214 3863
9712 5199
6273 8604
876 1709
9790 9262
6941 5398
5625 8844
418 7870
2808 5508
5499 6776
4803 8473
7839 6020
2612 516
4994 1704
9996 747
4145 6298
5636 6421
9088 2676
1440 8725
1726 7624
8657 6308
9245 6374
4097 4761
7475 319
6599 1142
9099 7507
7281 7742
8289 7116
9252 4256
4192 7629
566 1894
7169 7034
435 142
4853 9966
5095 457
115 4296
3394 8101
2433 266
7217 787
6888 8723
7178 7344
1520 8620
6081 7375
4017 8440
5126 4136
5140 8277
3578 9424
4771 6969
966 926
9569 5550
3064 5684
1731 766
5718 6784
7952 6189
1551 1144
1247 4430
4352 6244
5178 3359
8277 9374
6608 4571
5010 791
2459 7718
7128 1570
196 9234
1312 3211
404 8497
5442 4324
6061 9172
8413 5202
3986 3321
8976 8586
5957 3792
7555 9766
1934 817
2824 7991
2000 3990
2480 3217
9281 104
9106 7532
5537 6026
2557 2783
8685 2775
7853 1556
8482 8148
86 2750
5952 6601
6297 2366
1535 2011
1131 717
3008 1198
4572 5880
2161 1084
8204 8131
898 6258
1889 84
9624 2037
1674 1201
7444 6574
9686 5736
2669 9904
164 9349
5803 5674
4479 4554
9945 5960
2196 3241
9255 317
8572 1953
3322 3176
8871 6621
9518 42
8930 9286
8371 7901
9395 124
650 5458
9645 2113
1914 5185
769 832
7351 4485
5846 2213
1801 3947
8905 674
1634 3426
7948 7865
728 9560
7305 9785
3016 7866
8472 1499
7618 1603
2701 6332
129 3032
5913 912
4653 9781
6228 5087
1329 5767
3832 5630
6746 9574
7255 6881
8949 2496
8391 1596
7663 4821
2109 7423
7987 5301
5015 9145
5680 1303
3109 2784
7277 2745
3353 87
3321 6977
2209 1990
4021 1636
2195 8834
837 8844
4625 7555
2441 334
8470 1117
5782 2228
4271 1875
1752 120
4207 8625
5951 3979
1855 3949
4830 2187
1124 865
5085 3530
4493 9357
3432 3942
9494 3522
4233 2868
5403 7419
4735 4428
7583 8326
7865 6045
3873 3327
2905 5334
5988 8986
3539 337
608 4229
9882 8377
6977 3760
1731 7382
5379 1674
4400 4656
8371 8403
6210 3474
5274 2987
7966 7548
3750 3062
8370 9931
6304 6779
4858 5210
7153 8588
1610 4803
6549 9772
6569 1215
9000 6880
4216 2181
3344 2878
6062 847
9099 838
9724 5204
5094 114
1423 5190
1456 5158
4167 8650
5924 8519
2127 945
8913 6123
7910 7053
1941 5421
5025 9298
3614 4158
4058 8621
9050 5222
3932 2454
3390 8630
8356 7445
1774 1975
5620 7319
586 5460
8147 6229
536 3567
434 4037
6459 7932
3905 4090
916 3937
2284 7880
1565 851
9105 2630
6227 4682
5292 8744
8055 8492
1679 5946
9158 1568
9265 640
680 1332
3164 3087
881 8875
6407 5229
8752 3764
4524 2399
2761 5021
4470 8275
6312 442
3593 9342
6072 5471
3436 8434
3016 6697
6475 3034
2254 6611
4643 8783
9160 2502
5525 3655
421 5920
7425 6743
1263 5667
4323 967
4703 8097
7632 6976
5353 7726
7855 6987
2174 2198
8305 6319
2085 640
9823 8875
1203 226
2962 6170
5590 896
9682 844
8732 3016
97 8751
3004 4196
8595 1615
4592 2023
3443 2338
5199 158
5128 1677
2805 4102
2811 9072
2033 314
7659 2152
4023 350
5380 6018
6365 6758
9162 2677
1517 2414
455 4013
1116 7404
4720 2031
1109 9018
4463 1107
9501 8893
373 6771
3889 2106
670 2463
4826 4576
621 9243
9196 2798
6147 9000
106 3611
8621 8529
5059 9639
428 6594
6885 7174
9094 9098
7815 7215
7696 1846
7830 6731
5715 7123
1649 330
277 5542
2987 4308
2080 9512
2931 4440
673 1884
87 3450
2105 9221
9267 2355
1302 6000
1567 5572
392 9011
6778 8969
1955 7725
9675 8259
6460 9618
2793 2938
9749 5473
2186 1025
8930 9283
2650 7093
2096 576
7262 7104
6390 6541
3 3612
9246 2868
1744 9484
9826 3768
4712 5897
5338 7007
9784 6277
4158 5834
1937 4171
4090 365
9087 337
9831 2682
80 9869
8469 1148
8528 1537
3483 4865
6458 2645
2446 4249
2704 2866
5187 3036
8234 7400
269 530
6715 2587
4876 7822
8578 5792
4012 5735
1469 300
1323 1095
8871 7711
1653 8387
7344 7936
7130 6636
5369 2627
1132 984
3614 1931
4990 7177
7676 8902
5989 6259
1774 3702
1264 5510
8528 9924
632 9681
8489 5647
6360 9071
8248 9120
319 7657
6734 9623
5052 9797
5447 2002
6645 6555
7755 8074
8671 6893
511 3904
7104 2072
8220 9166
4493 4662
7466 638
3899 41
240 1171
7961 9980
9415 9122
7907 3869
1600 7846
3669 890
5793 3102
4911 5255
8379 3851
3560 6364
6216 9074
3208 4305
1584 715
978 7146
3438 4655
852 498
383 8156
671 3011
5446 7696
8884 3813
7050 4379
2444 7333
1964 1127
5871 6525
2001 3427
9216 2534
4185 2330
3423 3002
9174 4965
1861 5861
7206 1965
4198 4311
6607 1497
1769 2945
8273 3395
8838 4775
4586 1738
5632 9283
6817 5445
7330 9164
2868 7700
8103 118
483 7641
2758 5475
6588 5333
1847 5867
8566 1049
1171 1485
5781 6093
3706 1757
8419 1385
8155 9245
201 4286
3699 4533
5714 8512
6474 6152
7874 1881
519 5237
1677 1069
8428 3544
5687 8092
2455 355
8439 3463
5086 7328
9930 4969
7564 8656
7282 9933
7573 4892
6524 6023
2224 2584
5966 8479
8933 6352
9649 4892
4883 4371
7799 9315
111 7113
4819 7951
2910 585
6762 6288
8673 9548
957 8356
3900 9091
1224 3608
2102 4994
3215 6767
4350 8172
1842 3903
5241 3426
6760 8405
7420 4005
1262 5357
9831 4957
1557 4788
6281 7005
4552 3777
5368 651
8264 3889
401 1708
3901 495
2747 6951
6409 6108
2236 6870
5665 5476
8667 3259
7128 8052
3415 8393
5906 515
4854 8121
7869 8665
5686 9999
3023 4211
8224 8152
2452 3760
6355 908
8437 8734
7070 7338
9121 1447
9220 8277
6117 4101
6162 5005
1329 6766
9336 2931
6402 6492
9313 8410
6147 5244
1481 5371
1579 8060
2761 2121
7950 2136
2135 5173
8238 3390
748 4185
5446 8895
8714 1212
1447 6631
3436 9337
6894 5406
6960 4805
3930 581
1784 5580
2256 8051
2007 1939
2082 1842
8557 1805
1835 7577
8405 268
6810 9060
970 7150
2086 431
9987 3550
1568 3943
3901 3742
979 2356
6040 7092
8268 6194
2607 1517
6061 4422
3187 4616
1057 1621
8127 5224
6688 4758
2218 4894
4737 5734
8804 7930
7009 6524
7247 1156
8316 1276
4925 7538
8618 6011
5649 7555
5388 1752
674 2243
8272 9578
5041 1257
1755 713
7735 3946
9972 1601
3414 1658
6668 7972
290 7820
1442 4469
8695 356
3000 3922
5883 7484
6484 443
8795 7963
4472 6348
850 5868
3991 128
8364 5351
3467 4712
8490 4846
4341 6003
7878 7064
490 5983
618 278
7213 1150
890 3838
1678 9512
9837 9926
3388 4978
3365 7668
9416 3197
8686 1064
5198 5945
2150 7323
1384 7628
3876 6082
9486 1625
4420 3910
1175 3602
3183 7833
1945 9587
6777 8140
2360 1332
8787 1155
6493 5336
892 1338
705 5481
8337 8780
9511 6121
4203 2396
5419 3635
629 4867
9460 7029
5196 1756
2059 9481
9773 9327
2180 9106
4449 41
4963 2077
689 5468
6472 6181
1048 213
7682 9266
7601 7917
8519 5354
7867 1018
6444 7582
1298 1658
9029 8937
3334 6062
4200 6059
9448 6047
601 5079
1609 8484
9546 1613
1554 617
5974 9841
9516 5934
6729 6896
1627 9030
8587 4865
9882 3283
1487 494
6694 3934
7661 3542
7651 4903
9042 564
462 1004
321 6892
5637 7823
3558 6606
2795 9561
5990 9842
6690 9926
675 3917
1194 4687
3415 5844
9992 8299
4603 5293
3568 166
7030 6165
2819 7042
3983 5491
704 7193
6134 1644
2137 1141
1961 5063
7184 9060
7224 90
81 4486
3730 6179
4650 6941
4757 3579
561 2408
649 7530
2178 7113
3255 3934
6741 8071
2146 387
4475 1214
7555 3906
502 5247
9419 5230
9601 224
4380 1693
2576 8448
4655 7037
5036 2480
8992 1239
5033 3778
7163 2463
7233 8242
6464 139
6912 8554
6916 5790
473 1218
3189 1386
5932 4254
9772 6471
2093 1372
10000 2370
6666 9941
3676 5876
4043 9920
3734 5598
5973 5766
7904 2334
7735 8726
4173 6085
1202 7819
13 3079
8119 1072
561 6727
5651 855
6746 1956
253 4962
5349 7470
9113 489
1703 1128
2595 1214
1737 6186
2107 112
9251 7101
2710 3518
9605 3156
4374 3411
363 5687
1578 1849
5851 173
4799 459
79 8840
9598 4929
6047 4071
6510 8415
8489 3247
1887 4553
4490 5336
6164 230
6014 5460
9825 2723
1142 9903
4935 7974
365 2020
1518 8701
6344 3448
8407 7135
3507 6092
3719 1484
5429 7745
6994 5706
5814 7645
7977 8059
3284 6974
2189 8764
4398 1802
5642 5494
36 8866
8001 264
469 9942
9806 5907
4375 6193
1102 3606
7345 6217
2858 5387
1244 6117
4535 7640
8472 7750
6468 6534
8911 9205
7711 4770
5658 9328
2337 2429
9976 9121
5864 1939
5457 5126
3554 7958
385 6537
5313 4876
777 9208
1610 137
6082 7721
259 6989
5919 7724
3653 3735
4074 5886
7462 914
2122 346
8793 849
4488 7963
4315 6774
717 9132
6077 5006
9715 8159
2469 705
134 620
9838 7490
6897 1671
1768 7045
9446 3461
2440 8265
8162 6739
9343 2011
905 1427
7481 955
3896 452
8825 1076
2278 5398
1034 9895
3508 6208
32 2739
1816 7592
4424 1899
3744 9594
7506 2256
8025 4793
6441 1783
7848 2468
8162 4116
6760 6253
6120 9710
4879 284
5246 8329
8730 7755
6587 7905
1111 8599
761 9672
460 1713
1222 260
3212 800
2012 3094
2573 5334
3855 747
617 4573
5906 5577
2412 8823
5357 4085
4571 4622
2042 2589
564 3347
1843 6458
3074 4490
8651 7619
7217 6572
9217 4372
6637 9639
7311 7221
6458 2719
7326 6563
8591 6609
2567 6238
7295 2059
286 5850
446 6808
4840 5816
3270 2856
5042 3412
1751 7133
3148 2647
738 9442
1352 1244
4084 2707
4546 9859
2217 2820
5102 5586
1576 5800
4974 5693
9632 5677
773 2688
657 8053
2159 7760
9638 9304
8163 3218
2147 1438
9819 2185
7424 6550
9683 6991
5028 9214
3734 5139
3039 9950
6220 2300
7919 279
203 3550
6276 8786
3140 111
1627 4234
3727 5655
6603 9094
3558 3367
2570 8140
2372 7834
8949 2342
6803 4088
4746 5386
236 3865
9500 3178
3688 4835
1828 8215
1933 7346
9050 3458
5857 8431
6759 4399
3962 7263
4074 34
1882 5220
6640 3041
4363 7948
5145 9778
265 8246
6969 4648
1101 5103
7796 5491
5265 295
4060 387
7906 9584
2307 523
2682 1451
9174 2558
9337 2551
1258 8463
8613 7313
2597 2636
237 7492
6250 9259
147 6647
7120 5419
631 786
3039 4149
81 7857
682 3672
5942 1865
5337 8301
5038 5921
67 2416
1417 3402
8911 7634
9198 9337
5023 8909
2724 4756
2320 1668
8499 7206
6067 7614
5053 881
1369 1189
9165 4746
2859 2794
133 1141
8926 7979
19 1795
509 7673
2486 6722
6871 8107
1968 2237
6210 1205
9494 5874
7109 1529
4867 6732
3768 3216
3881 430
1789 22
675 7214
886 8305
1050 4567
9120 5415
1545 8473
122 6664
5104 3903
2317 2025
1082 2106
7797 8871
8911 3481
4276 1977
206 55
5166 5667
1250 1569
6583 733
2401 598
2705 5201
2699 1812
8441 7057
6557 5870
4070 5028
9665 8890
3754 7081
6272 1119
440 7127
8330 1772
5235 6694
7398 9851
3830 1778
6014 521
7942 7519
8817 812
5072 8068
9972 5536
4115 9816
6985 4259
9811 1286
9328 1989
2712 9514
3336 4183
9110 1719
1795 6209
3124 797
722 6945
827 8838
3209 226
5595 1273
6290 6160
5120 7046
6840 9905
4973 7205
1840 9441
1762 9224
6263 9420
7101 1862
7801 7757
5865 8407
6018 8958
1879 7651
9454 7917
1282 9303
9618 3243
7318 7805
9957 1530
102 3094
8230 6965
6203 3662
6126 6761
1939 3877
9973 8372
4850 4573
5070 7398
6516 2324
7960 1316
6739 7194
2777 7189
7090 5835
395 2485
4229 928
6676 2381
1284 2121
8109 9920
4705 5200
9259 6261
518 9686
3447 7227
9683 5747
2812 8993
5898 6604
813 9735
6259 4918
8447 6471
8633 8875
3559 1389
4694 1941
1603 2743
3475 1193
1543 2630
6555 5391
7335 3689
1141 7543
5853 2293
4190 1196
2704 6556
2553 8398
9684 5467
8070 5580
3529 5131
8352 2249
4726 3055
9631 7263
2453 5642
4486 8887
8803 435
5919 7454
4581 8383
6225 1785
6760 4818
2917 6859
3289 5499
5103 5428
3225 2538
9798 8498
3010 3683
6355 4822
5571 3912
9499 2425
2056 7077
4072 9780
4198 9148
4740 9597
9853 594
6596 866
4144 2591
9782 4107
9640 2169
1804 9685
1691 5229
361 1335
9148 7969
7152 4365
6926 5745
7587 1977
8473 9201
8462 3199
3170 1063
4002 9696
9894 8296
1920 4712
2634 996
5813 774
201 5372
1896 3282
5576 8093
4449 1088
5657 2743
1863 5889
121 2058
9003 378
3059 6872
5927 7184
659 3989
643 1098
7437 7385
4634 8219
4355 5819
3171 3903
138 1358
4924 3947
518 1864
9773 6515
4219 601
8656 1349
6082 2091
5233 9947
8238 8457
5466 1122
801 7066
9044 6517
1796 7096
931 5521
4004 120
7547 6742
6621 2673
8172 7051
2142 5692
3016 2658
8276 9885
8131 1664
9671 7558
5008 1136
4825 4915
7351 9134
3867 7946
5323 6192
4151 5782
582 2702
7733 3894
9597 8747
8718 7226
4426 1863
9602 8043
8527 6911
3721 1274
6151 1919
7853 6377
4215 3257
647 182
617 5967
3353 6673
9682 8200
5644 3725
7508 1388
8659 7133
8663 7472
2415 4735
5130 3406
3370 401
7780 7131
2636 4555
2778 6475
1271 3270
1872 9287
2209 4212
8390 7158
558 6189
2778 2241
5367 4335
4948 3261
7234 8462
4837 3465
2093 5133
1773 182
4124 8282
9761 5629
4089 4485
6041 4173
7966 9529
9287 4423
7049 9891
2511 5044
1743 3964
6996 5937
737 1901
7141 5271
9620 2468
8186 7081
4580 8188
6182 905
4452 3433
3236 7171
6116 7834
7444 4095
3867 7595
8022 1663
2680 769
1226 4546
5779 9448
4514 2121
1998 134
6016 6032
4949 8390
3560 3073
7863 9933
921 8911
1501 202
1709 3083
2989 9157
4299 6073
9038 3796
3132 5341
4591 469
3659 7054
1722 4858
8640 2119
5176 399
5387 4081
6820 759
8828 7310
7179 4657
4253 8172
9282 6068
2155 1520
9682 3306
4827 6664
2763 758
5704 4512
8749 6519
7032 4808
2198 1500
5980 240
1629 1032
1244 9339
9800 8145
7653 3425
1476 6138
1245 9039
6039 7237
1561 6304
381 8702
1869 817
9559 7447
8178 633
1318 7239
9811 5852
8827 6711
6916 218
9190 5876
7101 9913
4665 6108
3184 21
2261 5978
9477 239
8077 9695
1651 6378
9294 4109
7569 4987
4176 4449
4397 5523
3820 5134
7857 9322
6349 4999
1970 7991
2327 9829
8164 9666
8347 6032
4011 7943
795 9272
3446 8166
3419 8117
5619 1271
7518 4725
4846 4702
552 7841
7228 6368
2879 6635
2759 4109
5380 9818
8794 3787
2617 2231
3725 1489
5000 1009
9323 1148
1033 5758
1956 969
8310 3979
9844 8955
1259 5704
9644 5922
9650 6452
125 114
6103 2764
2162 5424
2021 5025
7001 777
405 7115
4869 6132
2506 3333
5249 8724
3194 2090
416 4811
2912 4463
1690 1129
8575 7927
1316 2240
8741 1006
6037 856
9885 8094
7385 8063
3965 2104
3317 4983
2628 5318
9509 691
7575 3916
1928 504
23 1091
1037 6310
3157 864
5045 2975
123 5919
7611 2154
3179 9764
1089 5527
455 3972
6356 8207
7082 7058
6522 8751
5924 8274
9307 5928
4049 766
2004 581
3004 5860
4801 264
7820 3226
1480 3085
4600 7539
6753 3103
7069 943
2142 6707
6733 6988
8280 1291
3983 3360
3923 8721
8214 2283
8963 3536
7230 5140
3307 7679
1670 8181
8858 8816
6765 7344
181 3375
6025 1208
265 9191
2437 870
5535 3419
239 7608
3133 3176
5359 846
9362 7811
6480 613
8343 6250
8229 5562
3942 6380
2965 6731
3341 4181
2542 4683
8216 4426
6078 2724
2433 3712
4057 5135
2207 36
7752 3035
1774 4001
2866 9774
9123 6575
4774 7852
1486 299
3557 9849
9866 1244
6503 611
5292 8313
7441 1386
564 2895
7099 388
7786 519
2775 7209
3388 788
9882 151
3053 8141
3867 7299
1889 4984
2439 849
5317 7758
2387 496
4496 3716
7844 8429
7137 115
4651 4797
6362 1417
54 6507
964 777
1563 4470
5268 6264
5102 2709
4758 5014
7535 3930
9805 4584
6612 2888
1380 8838
1986 1454
6692 4058
1915 3104
7399 3261
986 7693
2373 8869
969 7747
1959 2372
2108 9928
2140 1509
2593 911
3994 2090
9321 3539
1507 8904
1948 1431
9776 733
157 8495
3388 6375
3727 8191
8277 9799
67 2223
2879 3122
5412 4820
2765 4578
9489 372
8065 7762
9191 5242
7464 1057
3687 6779
369 9634
3940 898
1434 149
5687 1232
5711 329
2630 8758
1502 2058
2578 2320
6790 767
7998 6990
5484 7036
8475 6692
787 7688
3147 6386
395 6338
7983 3690
7578 4419
1959 7337
9115 4254
628 9705
4868 3030
9229 8248
8182 9192
1516 9913
9485 4698
2560 5475
9197 8736
4377 6233
6918 1346
6725 7463
1036 8478
3586 5397
8993 410
540 2223
6348 9049
8754 5601
8198 6259
5677 4503
7095 988
4356 6971
8568 4214
8810 5300
2078 2011
4513 4043
2559 803
819 942
7263 5916
5031 9522
9162 7995
6309 348
4007 4801
4826 4402
2763 6809
8156 1886
5600 7471
176 1116
3465 6
270 1328
6373 1056
1079 1014
2617 1008
4524 9390
2116 4810
516 980
9015 2615
1076 9097
8340 9951
5540 1666
5979 4129
830 2245
6793 817
4327 6017
2113 6071
9126 1346
8480 2819
3644 3574
2859 7225
6277 5596
2422 3326
8766 6729
8809 2013
4441 3058
3883 5633
6500 1840
8733 6533
2267 4528
6640 5780
5944 8482
2884 6921
7419 4134
2946 9248
9751 8402
6064 5826
5368 5319
9458 4207
3926 4705
7483 4863
2431 5478
2090 7602
6513 8105
7060 1618
3066 2162
4346 8579
6834 8882
6365 229
4758 751
3935 4390
3535 861
7445 9290
2271 7866
5820 6520
6628 2228
2852 303
6411 9775
4135 7558
1782 5692
5859 2885
7304 4034
9225 7460
515 1080
992 8078
2705 5701
3594 5369
3752 8171
3565 7539
2104 8597
4522 9629
8468 4432
8691 3332
361 2115
8262 5846
9593 6480
6164 7072
1596 4787
7285 8404
6898 1252
4603 701
3084 5221
8158 9810
1133 7665
7481 8467
7166 8403
2745 7738
3702 9498
7078 6717
5006 8044
3119 9065
8691 3803
3476 8304
4040 8986
8485 5947
3484 8059
3392 1440
8982 8927
3515 4931
3098 4475
7677 4680
6997 4373
4581 9364
5083 611
9429 2672
2042 6046
3865 3794
5852 5769
1565 3886
7202 4309
7462 7084
5104 9586
8761 3970
7187 2969
7016 9713
1171 9350
120 9194
3414 868
4583 2742
1020 4949
1519 2056
5171 9784
9648 1019
3518 1073
5552 7307
6735 9921
7813 9412
4214 5917
5838 6131
3043 3526
5633 5881
7920 5800
8792 8101
986 1786
1398 535
7014 2440
2951 8304
2637 116
4216 5004
6619 3793
2361 5372
3286 5844
206 2749
2923 8967
2159 7223
8208 3103
6269 8549
8736 7756
7611 3340
6419 7206
8669 6025
2107 3668
3685 5393
702 8196
8378 3517
92 4725
2049 1219
7794 4696
6174 428
6949 315
3971 8561
7306 3785
3357 7598
1421 8627
6842 6988
2134 8218
231 6243
1721 2127
7490 3709
1548 2368
8554 6923
4123 6804
6987 880
5074 3676
9099 4690
9942 4329
8525 3399
723 4674
8171 7872
5662 9313
6087 696
4440 9497
7828 7929
4773 5504
6244 9572
2437 464
3239 461
123 6408
6412 5750
8369 4686
6806 9829
9591 3912
7212 514
8951 115
622 1733
2199 4533
667 918
6976 5624
9042 6158
4732 4133
2218 1656
1728 8826
935 394
3488 4951
9952 572
8596 8923
9059 3216
6787 7954
7221 895
6327 9569
9238 4612
1883 4136
4684 288
1161 3356
1407 2036
4886 9759
4573 1242
9636 3553
2614 8419
1127 1409
8741 2088
9296 916
1625 9877
376 8849
8801 3119
4542 8575
3380 106
6673 1908
8333 9458
202 3596
131 8779
6901 2783
5696 3002
1886 4489
12 6183
1894 6602
9095 905
3026 8472
6582 1918
9076 5585
1800 2551
3819 3429
3674 7813
2028 1649
3742 6096
9517 8052
718 9599
8261 3535
3290 5201
3699 1457
4959 1680
7095 8375
2642 2128
8341 6703
4291 6359
8325 8951
9848 2144
9672 7103
5256 9774
5415 4499
4631 5030
1025 333
5591 530
935 1045
7962 6768
9800 4050
2150 1829
5420 685
1151 3228
4088 2960
4557 7194
967 4738
2823 8275
1343 7120
5045 6998
1765 5368
4417 1103
6822 5961
8345 7967
4693 1968
4994 2509
9673 6453
7676 9002
2 6434
841 9251
9490 8633
1193 1566
9228 2082
1003 1121
5161 6559
4602 9011
8340 3173
1949 9899
9621 4214
8308 498
8473 3828
3502 5363
4665 5483
4228 1019
2873 4816
8400 9066
3617 1525
5493 2712
5055 5912
5156 4929
9006 5633
5721 6186
6287 7806
882 9612
3860 1525
7487 4111
1538 5139
7111 2512
554 259
4612 3927
5816 8321
5136 7284
512 4780
4216 755
2894 5398
7171 6952
8962 8121
1423 6825
3404 8961
3963 8810
8598 1076
8907 5183
950 1894
9215 9437
8618 3710
6597 7477
6369 6649
6428 2615
1340 7225
560 8511
7943 5609
1602 1013
541 6010
3607 8858
6489 1698
1248 7311
6979 6062
3675 2898
4966 4358
8791 2874
8797 2525
8455 8080
6267 9215
1357 3753
7321 7191
149 1228
9948 1668
647 3531
1707 5098
2592 809
9308 2333
9730 3286
810 3487
8360 5677
8419 5941
1143 7332
4451 6832
1720 548
672 1082
7310 4199
5030 8392
3980 1618
4509 1488
6573 5596
5203 2026
7415 1769
111 1238
5007 8494
1834 7630
5649 9153
4612 6879
4366 2593
7098 6441
5026 8593
1539 8230
9496 5248
5372 3001
2155 1362
6293 6265
7082 1814
273 2713
1781 1703
8330 9946
8317 629
2473 6956
2954 7170
7791 1188
2907 5145
2485 3993
238 5105
3350 8534
1210 5327
3971 6301
5366 8444
5756 5946
8790 7471
8437 9144
1947 6411
1988 9402
9213 5180
382 2985
4131 5447
5267 5531
3246 4342
5009 7389
4468 7226
4605 9479
8470 5733
9522 8629
7765 2929
5207 2987
8219 4209
5365 3270
6861 908
4916 449
4213 5269
6287 7585
7263 4160
3277 9147
3092 4216
9742 5814
5512 4781
9573 6309
7412 6883
427 5561
9819 9654
7240 7825
297 9120
1534 8285
6354 4370
910 3224
6423 5442
7877 6635
7315 2410
1226 9469
5270 9939
9090 1651
9201 7148
6448 4571
9976 5022
4294 6535
2526 4890
4036 9657
133 2160
7593 164
5438 9359
8861 9021
7268 1658
6336 1229
3233 4714
3103 7076
2645 9017
2298 9994
5588 8901
6239 8253
8030 8905
8069 6851
3523 4623
7620 5093
2059 2301
7763 9690
8518 7772
6689 5115
49 9358
859 9789
1215 4494
1184 7227
4757 5250
3557 8232
378 5524
2891 1459
389 4765
3961 3747
9153 7314
2245 7348
4066 3474
2152 765
4795 8464
2658 2733
6714 9192
5430 5902
5292 2392
8798 6511
1819 8918
4969 1973
1166 718
9098 1848
9137 5894
5368 9168
2944 3750
9123 7087
1815 6862
769 6876
1696 7973
6166 5437
7698 9247
2244 5156
4727 7891
6881 6618
7142 6582
8316 2310
2938 6940
1232 168
9581 8894
4179 4834
1605 4269
5842 4224
5569 8837
7155 4141
8345 2596
3018 6032
1459 5392
3215 3616
3844 4102
6540 7363
1137 8620
1736 3290
5778 3597
6100 9709
3950 6051
5149 394
8296 1448
6119 9596
4091 7175
3696 1405
7019 2878
9293 7806
3822 3340
6665 3530
3765 5007
1295 6526
700 2688
5153 3197
1081 5758
2147 358
3469 3669
4207 6595
6145 3528
4373 4261
7642 8941
7490 7536
8078 8283
8193 9951
2081 988
300 664
9795 1192
4525 2618
8471 2855
8718 4692
9410 3933
5244 8187
9764 5854
774 354
5893 8746
6436 7897
678 1118
9427 3434
4830 4293
2976 3284
8633 5152
3846 5590
5543 7349
8243 3297
8742 7898
3780 1029
9865 1225
4480 2121
4238 8049
6413 32
6131 5219
9108 1265
252 7624
7197 7426
5915 6743
2115 6934
5116 9028
4767 4500
6542 5155
1172 4130
7135 2344
8431 681
9904 3319
2140 6505
2896 1860
6501 1952
2478 9500
6596 1967
8535 5813
4378 1572
3694 4651
9699 4427
257 8375
1019 5661
7775 7303
219 6051
5041 312
9170 3557
8106 6820
2382 4216
7390 1248
8525 5821
2153 4092
9440 6984
1019 3779
2100 4253
7637 1491
1385 2348
6550 7
8140 9901
2040 7379
5277 461
6404 8016
5297 3688
703 517
7146 5294
2428 7078
7899 8844
583 9537
9669 3706
1867 8078
2684 1603
5483 1450
5802 32
6138 6161
7187 9788
6757 362
4234 1220
3722 6992
9287 3657
4019 6382
9246 7851
7250 2050
2282 1804
3527 5484
3817 4391
6700 4381
5444 8967
1834 7422
2530 752
9574 7443
6036 3812
1367 3910
8040 3166
8103 1177
5553 4298
5716 9227
2230 8554
8453 9858
9456 6165
8112 4387
7308 5721
5464 9564
2049 3141
2869 6151
5639 3832
9924 2997
2904 6685
1655 6673
8239 2717
2716 2144
6216 6180
414 4624
4513 4122
4783 1688
7090 377
9536 1121
8675 1988
1842 6514
3456 3429
7759 3197
3206 7034
1709 5399
2477 4452
8821 2324
2659 212
6143 1698
2189 6370
3337 1046
2708 9203
5402 7469
2845 2818
4833 4672
7550 1584
569 5035
7284 2242
1837 9741
8043 338
216 3056
1370 221
9477 7500
1237 1235
4651 8114
56 1307
4025 22
119 5927
6684 5101
3066 6275
7602 9185
6317 2223
9562 8090
5259 8800
1108 6606
9083 1884
8118 9666
5717 2526
4607 3147
1840 7784
6565 9781
6943 4632
7908 827
8509 8150
8427 9434
1802 4547
5874 4464
6471 1632
5472 1338
2960 6848
7931 7574
6133 2142
2671 1552
5036 6681
4400 4170
2106 4369
5050 2705
6627 2051
904 8462
5498 7454
9481 7778
3271 2963
6858 7686
2197 1839
36 6704
729 9683
6179 4119
3083 503
1147 2168
9257 2014
3683 7429
949 4119
8698 5738
2181 2325
2296 4614
2152 3025
1007 5808
7944 9484
7980 1049
6051 3190
1143 991
8185 2312
5703 158
4530 6310
6007 4773
8749 9295
6021 8429
306 9686
5517 3162
1723 410
6477 6333
6680 3943
8365 8526
7644 5213
2091 4241
5710 2394
2585 4670
3646 760
7379 3604
2734 4869
2112 3237
5314 2717
4781 2843
6180 981
234 9036
8451 5650
8146 5215
1986 9142
5579 1229
7464 4272
9605 7956
9627 320
1660 9847
7495 3429
2633 8093
1705 1842
8481 1993
9960 6432
2833 398
3164 2970
4354 5856
5253 5310
3088 2078
406 7155
6897 9909
7033 6876
8924 2466
211 7940
9397 2055
9944 7860
8819 3831
1840 1612
4719 7335
9087 6088
3575 7492
6418 5719
2948 6173
5838 1090
5565 888
9927 5085
2979 2852
5309 6776
2789 7241
1750 7215
6980 2888
50 3690
6666 3543
7659 7709
2744 3887
4636 4393
4840 8737
5809 4869
1458 1460
5650 9637
3524 5960
9289 2498
2914 2152
435 546
7105 1485
9215 930
560 3099
3948 3426
4599 5468
7627 2580
1059 7551
2394 1308
5787 9420
1399 9512
940 2897
3815 5958
7948 987
6554 1623
6518 7734
9037 4316
5809 5186
607 7135
4178 386
5631 9295
3652 5698
3038 8399
3919 6061
3733 4167
7162 6348
7495 6772
7029 5805
6751 4538
2954 4267
3059 7986
4613 9782
9615 6385
564 7926
2280 7910
7406 6142
233 1198
5640 857
6306 6271
3982 6380
8415 241
9280 5703
6560 2530
2829 5974
9035 4287
8725 2188
1926 5786
3742 3354
9712 6285
2452 1227
581 4220
4997 10000
4255 6925
3296 3406
1010 2404
6655 2968
4514 2476
2304 9343
5560 6402
8611 572
1759 442
6497 5822
2998 2486
6243 9
3445 7612
570 4060
1504 1222
1337 695
7868 4198
4741 6013
7575 3138
6904 8089
4774 3878
2477 6414
3061 7493
8280 8363
4650 9254
4560 5285
5560 9366
7584 235
7251 9675
3412 8432
9649 5939
6503 4226
5484 3692
5029 6828
2121 7691
7488 930
9608 616
9288 7616
1780 1956
3506 6207
8100 8438
4220 9510
9575 2709
6805 9078
7858 8099
3264 5440
1681 162
8710 8894
6060 8976
2712 8954
129 2657
5013 3032
5903 1463
2099 6669
8043 105
6227 8104
9079 6455
2186 52
2779 696
3685 5666
1755 793
9585 6895
6847 1755
4963 1163
3719 7478
6430 4957
3627 2215
7356 2496
1155 1350
4519 8826
5020 5212
1420 8798
7303 2329
5395 7402
2759 4664
3664 8173
6315 4025
4821 6891
585 5408
2607 6006
3609 194
8557 7892
8998 2888
2079 8809
1350 8380
8329 2448
225 2298
8457 9840
5051 7916
7884 335
858 8978
2868 65
5804 6617
9726 4540
7801 4338
7579 6063
3480 4094
2889 3172
4445 1589
3945 5466
2538 3299
6677 893
3669 3499
4478 3283
700 4046
5266 5824
6434 956
6265 3221
5082 9520
614 1844
4711 9696
7944 7157
2554 3458
148 9063
4645 1738
5826 2489
5992 8211
1537 2610
658 6226
230 5160
9006 8226
6568 8673
9338 6994
8567 7386
6022 3417
3451 3466
5346 6798
6609 1254
3180 7879
2879 4649
9342 8802
2467 1671
8602 3350
1165 8670
3372 9088
110 8561
7420 4008
8008 9560
910 5513
6744 1129
5687 4792
6800 5641
7781 4166
8426 3135
8729 3788
8747 2616
9446 8516
8245 6081
8139 5990
7354 187
8832 658
5923 8753
8325 7896
6931 3567
1102 5652
7128 2292
8209 7663
4883 3300
2954 2340
5239 7121
8318 5144
4735 6528
4055 7938
8352 3042
9892 1788
232 1238
5332 8222
9150 2788
9935 2774
3165 717
7860 4459
8900 9787
6115 3659
7431 9714
3841 8657
1698 7297
3939 8340
3909 1068
2635 8712
7154 1211
3379 5727
1576 6852
4092 9912
7567 9293
7039 6421
9419 917
8885 2564
2593 31
7353 9752
6410 2529
4440 4410
5512 5330
8230 254
9256 4914
6763 5540
3468 3734
404 6496
307 2251
750 2164
116 7207
7825 5500
7085 6824
7778 1209
170 5927
9233 496
4232 3323
7717 3150
5921 9408
7080 6592
7571 1090
7241 2139
5936 458
5565 3988
1039 25
522 4229
6599 415
5477 348
3019 2256
6810 6286
3280 4040
8018 5001
9907 804
2700 7499
5425 7897
4202 2528
5564 6200
5780 1659
3493 2470
3829 8359
8732 5289
5490 2862
8787 3385
393 4509
2064 9477
1304 3471
5013 7708
1932 8936
778 483
477 2659
5275 8640
8954 4784
9494 7369
9388 59
2294 8266
1748 5867
5631 2900
8760 3809
6247 1619
3975 543
4487 2886
2183 7576
1363 6965
5518 9450
9937 7499
3934 4456
881 1320
6130 6313
7412 3540
748 8263
8157 1533
2472 3631
7988 1367
3055 6721
7121 9239
1363 749
6639 2994
3699 2603
5573 6451
2988 6433
8084 2108
1862 2536
4300 9690
7024 1611
567 9703
9270 8434
4010 6391
4241 2499
7503 4432
3119 4112
6440 5938
5454 9809
5554 9398
7048 7236
490 963
6950 7035
2919 3077
4172 1802
9169 4328
6459 4474
3117 7345
4660 2107
7186 8793
6512 2584
2963 5405
948 4004
7430 5158
4082 9305
6293 20
9986 7972
6996 1711
3496 5927
7375 5713
1360 8490
2379 4363
3011 1191
2889 9971
4649 4857
6688 7381
4970 2782
3729 5683
9215 7396
263 5380
1623 3144
9150 5541
6927 7721
4441 735
5743 8883
239 9052
3718 8056
2405 5067
4506 8705
936 6067
6964 3766
4726 1292
555 6633
5564 64
9018 2253
454 2398
5956 5187
9333 6183
3888 7122
8978 6646
1794 8369
3244 7258
5774 461
5252 8870
4773 6819
2032 6946
1822 6219
3262 3154
3707 3238
8612 905
8240 396
1123 7067
7703 8890
2534 8073
1657 4746
9205 5914
1528 2300
4143 7762
1927 2540
9727 7236
5228 7052
6704 83
8881 2771
5602 1122
9036 579
974 9948
5632 550
999 6112
8351 9904
4998 4986
9687 5880
9883 496
8335 5027
6121 5566
622 444
2493 3007
960 4045
5325 7707
6608 7357
1478 9545
6034 7318
5951 4582
4343 2661
8375 4905
7831 5694
8483 1998
1358 4041
2830 9460
5434 2830
6290 9617
2512 9077
6172 5619
6369 6002
6564 5861
4714 2357
6499 5172
1134 3805
5503 2511
4711 3913
7091 2682
4095 3363
1527 4595
2848 4932
5326 7112
564 3880
676 9496
2378 1304
7849 3123
1841 5129
3953 6208
8661 4112
7363 3169
9623 7094
326 2093
9834 3554
3192 2306
5169 4099
7678 7536
3208 3329
9855 7521
2154 2008
1044 2223
2014 5678
5839 9799
3174 21
6526 9189
3965 262
4980 8638
6781 8260
2491 1423
8674 514
9418 7234
1657 8300
7765 7433
7106 2432
6342 3477
2565 5387
836 7697
3689 6300
5122 8551
5000 1390
7004 4784
9999 7000
7215 2602
3476 7915
2329 7110
8318 3679
2780 9955
4603 2918
5256 5088
2270 6938
2950 4045
1465 8174
4182 7806
4353 8321
3374 465
5180 646
6428 4301
7970 5357
4318 8346
1992 5818
1351 8221
7283 5667
3767 2245
8293 1897
9260 9912
7779 3736
4089 3737
3448 2391
3334 5775
6763 7176
9267 8548
4913 5849
5954 416
2546 1352
7317 3319
4472 8309
490 169
5028 9770
7654 7351
1645 4197
2080 9835
1306 52
424 5433
2459 5482
6155 125
5410 3143
2302 2708
2582 8280
3338 8812
6623 3147
4096 8383
6438 5899
4827 3343
4250 8702
3175 662
1711 6506
9739 6247
6967 9307
4682 9658
117 2723
2806 3312
3667 8654
1987 9846
4705 7071
7964 1388
6336 3551
7518 2552
6303 4908
6373 8995
4140 5916
9834 4898
93 7613
4633 4297
4945 3593
154 9486
8673 6995
4960 7396
6780 7291
9729 264
9876 1836
126 7081
4800 9673
245 9509
9199 4586
1605 3824
3263 9310
5289 9452
7721 8681
4965 885
1851 5590
2683 4262
6076 8741
7049 3571
2484 3297
5266 3556
1866 3429
5916 200
52 1754
7741 8157
5447 7777
5012 8727
8424 593
180 1814
3596 1577
6970 9473
5959 2869
4203 3364
6511 3548
1097 7525
9555 4799
648 3297
9487 4588
1054 6636
7491 4473
7073 7799
9763 5340
539 1224
1534 8142
2178 3636
8231 8813
7615 9252
566 5981
1551 8831
3779 9711
7006 5542
2264 3311
2027 447
1135 2828
4397 8012
9653 8502
9474 9013
1513 9616
4811 9628
3701 8104
8314 1591
1441 8844
3682 5841
5468 5749
3671 9436
7165 2162
9061 5271
8125 8951
8510 9601
8005 4522
867 3196
8860 4438
6886 6177
5702 4890
9634 3564
6992 4922
6047 1510
778 878
3230 3594
4847 3400
4762 9263
2079 4673
3940 6237
7018 4494
2832 4833
5353 6326
9619 2712
7324 7549
8969 3251
4666 4454
8228 1006
3129 8211
3208 953
9102 8625
8246 9603
220 9213
2519 4766
6289 3574
5558 7073
6544 3867
1786 6638
9152 2553
7577 8906
8966 986
2040 9422
7936 1365
9856 8973
7504 7721
5446 7652
8199 7627
8626 6564
3600 4367
9231 1599
6089 56
2779 4270
7366 4928
8462 7273
2248 3496
170 8569
150 2110
7733 8789
5680 4056
5449 7883
7724 5162
7950 2838
2086 1706
3774 6726
4539 2238
1711 9483
3172 4460
4868 3872
1358 2423
2328 7853
3232 3990
5700 9565
7603 3663
3353 8491
7635 7789
1021 3488
8969 9754
8923 7965
8839 6209
4236 9800
3840 4613
2879 6075
9975 6816
1683 4304
1122 7270
6479 1091
4538 8704
2773 246
3699 5073
9552 9953
2563 4331
6994 9723
7727 7072
9539 8943
4435 9847
8579 3741
6710 7976
641 2343
4127 5382
5268 6353
3420 6874
5299 3363
5825 4299
3811 8063
8226 1260
2751 9890
3037 1079
7709 9589
6878 7913
2196 5544
1835 1204
6415 4486
4641 8709
2458 3313
5594 9512
7130 2644
6219 8910
9682 6202
3585 8640
3533 1347
3640 2854
7918 5185
6403 2962
6068 2393
4318 8271
3040 3996
1699 6629
2647 5760
133 1515
9423 7730
1901 6222
197 579
1412 922
6767 7949
1027 6955
3945 3816
2051 1280
3585 8974
9506 3460
6709 4065
9338 7405
5286 312
6405 8161
3816 5720
9644 5316
5264 5071
5671 3070
6567 2300
2790 5028
4523 8821
5448 8382
3828 6864
2872 2493
1177 1856
6693 4907
432 9258
6386 3892
4953 6741
504 7468
1565 6234
9249 6942
2750 6122
6467 74
6150 7286
2886 6015
3185 2320
5113 3491
3705 9716
6417 4446
4847 9084
9945 7309
5026 8655
451 129
8749 8338
4848 5977
276 7741
9464 3316
4383 5734
4627 1368
3309 1651
7973 4193
9347 7304
1758 823
1810 3428
8024 4733
8686 1325
8948 7959
2544 5954
9124 7417
4306 4948
8565 9285
1048 1898
5048 7277
2787 6007
8714 8111
6918 5489
8071 9676
6502 5059
2659 33
2019 1421
2693 1860
9878 1203
7597 5117
5222 3389
8275 2928
5510 4340
8563 4494
466 3360
7136 3706
3720 4735
1103 5529
3781 9104
864 3441
5212 8292
6827 8414
5503 9319
6783 5683
8304 6381
4736 6800
1575 8620
6025 1199
891 9571
167 7466
2795 952
2573 4142
2998 9758
4504 6560
9338 349
4355 5911
9668 3611
3639 9504
2839 5879
2180 8880
5895 1883
3211 4257
3237 821
9299 7891
5557 4894
5514 7148
3777 3974
3340 9317
2138 1337
482 8864
8797 7144
5251 2635
434 6372
7233 2220
947 8386
442 5106
3073 1665
9553 9784
1361 5477
2853 3178
425 6416
9376 6006
4317 2622
5405 7316
2600 4234
9442 5863
9938 6276
7472 1461
1162 8779
949 3588
2670 401
5059 8454
1086 6682
3475 538
7501 2437
2420 3945
2515 2210
4893 6241
3377 1505
5642 9341
2038 3339
6595 1635
6974 6052
1928 2562
4976 3261
273 6065
1083 1966
3941 142
1575 7249
205 3411
4117 9667
3413 9848
4802 2739
5373 4497
1045 2495
1010 8303
214 3595
8795 972
1364 9062
1452 1717
6985 4077
920 2728
1727 6771
5232 6582
1028 4808
1624 9428
1935 6410
8241 6891
4244 4761
1779 42
3075 3127
2424 6326
1659 4685
916 6009
2055 4860
8370 6129
8759 8555
9219 9058
1797 105
4440 2475
3684 7554
7127 9864
2094 7918
6413 3223
2927 1591
4397 5507
7453 2130
7704 7687
1063 146
603 3188
272 784
1415 4368
8776 7389
6680 4515
190 1608
2021 7770
8435 2218
310 1930
8143 6440
2731 5101
8719 5997
9558 921
7128 5796
5101 9275
5498 9054
9006 5142
1897 2177
2668 4423
4204 6884
1027 2083
6169 7274
4385 1941
1063 7435
8696 237
944 1552
4620 9570
5982 2387
8628 3697
6956 1310
2685 744
9642 1493
1568 3294
3818 6436
6975 4164
4351 2373
1633 6540
8085 5100
4571 3700
9012 9006
4352 1700
6970 468
2487 7248
4538 2882
2047 3716
2497 1969
1327 6073
1287 2480
7030 3330
6432 834
1382 6632
2027 4031
8211 1859
2688 9135
7497 5352
8547 5455
207 9712
250 5780
259 3911
4442 6488
5193 8393
770 5631
2957 6629
5890 4398
1079 5659
5819 5739
7075 7093
4531 8360
5695 530
243 8130
5205 2448
909 3742
8391 3845
8196 2212
8158 8678
3291 5361
1197 5736
7047 6422
2650 8889
6612 8571
9771 1887
4386 466
1658 4169
6627 4593
88 7031
4399 1040
3726 8177
5651 9528
6578 4315
1636 2407
9332 1655
9047 455
377 9505
2927 3207
164 8500
9454 7692
4443 2927
7588 985
3950 7720
7352 2964
5210 4947
7831 6249
2370 5930
1167 4740
5817 5876
6837 9277
8728 9724
5992 3378
8251 6524
1453 9833
2536 4047
2207 3314
2806 5432
6513 8898
4709 2324
842 9433
9310 63
8943 7196
9854 2048
9738 3874
9237 720
6252 5871
5262 7579
2996 1230
6498 2505
7723 9859
2185 5918
2508 3156
4060 2385
9406 4480
7362 8549
6283 9647
2860 4794
5058 9445
1462 2702
6206 1255
7801 1060
759 9351
3699 4575
1075 5585
9887 240
467 2399
4522 3797
264 1742
3442 8896
7714 385
7156 5355
2067 1356
68 1022
8974 8394
3840 5645
2780 6262
890 2605
4255 6482
2233 8991
6997 5976
2929 1854
7267 615
7325 8511
1335 545
9692 2214
9862 7018
4318 2566
9140 8457
2870 4970
4816 9981
8258 5703
9016 9284
4033 4656
2452 3849
3457 1559
8394 7731
9365 5643
4511 4907
2864 6525
9494 6070
9781 8505
8680 6438
4455 9143
5994 2206
3622 4747
4805 8637
7599 9470
9339 9492
3951 8080
6579 2637
9875 8875
3586 1169
7017 6327
3163 4992
4739 8082
5155 7561
3648 3742
4794 4413
5456 7649
9722 7638
4996 2048
1818 6292
4956 4335
99 791
977 5753
7975 1962
5159 8644
3362 5248
1158 5732
4679 5872
6559 9750
8716 1141
1392 7113
6490 3381
8326 3626
702 1011
9212 496
1613 6963
9914 3219
5631 2883
7401 646
2805 4544
3274 5258
3248 9666
3206 8374
6966 8605
4588 6491
751 9034
7854 8831
6835 7108
776 4981
2253 2639
9218 7187
4154 56
2520 1868
4066 4768
4817 3189
2733 3201
1547 9505
7073 5801
8991 9183
3016 6539
6476 9652
4184 4203
6443 8055
8237 362
5131 4798
3392 1311
7596 5090
8964 5451
6918 9435
3685 9311
5510 8367
7643 6357
1863 600
6577 4086
4938 9859
4590 7688
6829 2185
1376 5640
4904 3160
8770 5347
3417 9356
3589 780
4246 354
1147 2768
5051 8617
7921 1871
6823 6329
2692 3631
6373 6580
5725 7153
9391 2632
3791 7390
1886 8009
6270 2074
8014 1111
8883 7871
7342 1074
7009 5217
689 1963
1574 5172
8709 3013
8198 5056
8674 8939
3374 7289
2874 6483
9802 6756
711 1533
3338 2959
9317 4597
8151 3203
9741 7195
683 3027
7630 1182
8183 1236
9053 418
4313 8142
5273 6628
2049 9457
3988 8252
52 1571
8646 8063
6494 8929
1712 4471
5686 436
3382 5734
5785 7274
5345 4502
3233 8876
7377 8362
8909 4068
9998 7943
9264 9619
3837 394
2062 7308
9655 1979
5362 3891
2738 41
7845 4745
8956 6318
9455 1146
9163 2971
3312 982
5524 7336
8606 9059
3897 5710
9206 6759
1041 7161
2375 5067
9301 1564
5764 8383
6073 8553
190 4168
7370 3634
5065 7323
5070 103
5807 369
9917 4071
9972 1652
5187 2332
1057 2308
3872 2400
2593 336
4737 3421
9096 401
456 4333
3001 1433
6160 3310
9384 2547
9800 1414
9691 8495
3118 6179
9803 943
1109 2926
75 8802
6948 1213
2961 449
9621 5223
8648 9504
8800 1472
4567 1374
6397 5443
1864 9985
2899 8548
2748 8068
8852 6172
5723 6961
4018 3646
3002 9488
9420 8530
5402 1907
2993 6816
1450 3978
7790 3443
4323 5344
3516 1932
6017 2268
5015 2608
8207 1832
6326 3204
2110 7856
9663 2796
3476 8042
4704 9162
4829 6657
2068 664
7895 3939
7341 5646
1113 923
1701 1790
6675 4866
6259 1066
7716 4249
2966 1305
9551 3150
4675 1313
5255 1761
9177 7221
4606 6058
869 6175
3644 9507
2427 6255
7931 6035
6242 5321
925 5293
8424 7753
2474 4656
6740 5316
1363 4083
8636 444
2623 8380
2144 8720
9588 3234
5466 2831
5645 3895
3188 6679
4529 3236
3562 9506
9865 8564
7357 5837
311 8404
1553 8246
6217 3398
642 8524
4997 5061
6580 8459
7486 2861
9396 2627
9760 8290
208 1672
4103 7383
2564 7818
2690 3901
5730 4087
6938 339
8283 6099
659 2175
7188 6778
3515 1929
7245 6866
754 4633
1539 3875
2166 2318
9176 471
4217 6631
5245 4019
1994 1386
9872 1999
275 2142
9387 7226
7815 4831
4420 2837
8631 8383
6296 5826
8295 6947
8049 4891
8653 6236
814 184
7168 8217
5741 1272
4985 9336
2150 5069
6362 3630
3095 3624
1160 1033
6231 2792
3547 5369
2386 7606
7624 8081
4181 9830
7518 5137
6029 3859
6516 1181
2967 5117
1682 2091
9753 914
2902 7595
8128 9162
5182 4734
7617 2678
8945 1566
579 9993
529 1307
1470 7015
8079 2880
7164 3367
7991 3885
271 4819
635 4828
2640 9065
5732 6737
7572 1388
8842 9005
5614 842
3742 4626
7887 2522
4902 1680
1127 7013
9166 7633
8975 420
7823 5799
8348 8055
6427 438
9930 5208
1831 1901
2451 4723
3652 4785
7065 817
5874 1807
6082 6212
5490 3510
4836 1864
5948 3390
2755 1564
1449 5924
7145 7584
1954 729
2773 1187
4569 9017
3181 3976
4851 1691
817 4923
9948 3569
3038 5675
753 8443
4398 2776
2398 7928
7400 1838
9350 9385
9069 1967
8218 820
9654 4517
653 5939
3395 624
1471 3078
8417 3465
4531 4568
7738 9813
1846 6211
2864 3825
3418 3562
3770 8546
5690 3175
8605 697
1724 1146
8756 841
1006 7384
1581 403
9708 2143
4367 1616
5407 8588
7120 4919
9040 1478
973 7569
1393 7075
8359 5011
8627 3200
4020 1898
6227 2352
7003 3280
2956 6715
6945 3802
9506 8977
4695 2209
3896 1767
4982 2988
3905 1077
3391 4351
5164 6817
3575 7893
3012 2522
4051 5674
9636 1858
8142 4285
2462 2854
9183 3958
1813 2986
9484 475
4286 2541
8874 1064
8641 5865
9532 1297
4582 7610
3478 8494
7264 2877
370 9328
6653 5836
3800 3021
2199 8652
9148 1087
8331 4007
6549 534
9071 1950
1212 951
8706 1368
831 5218
4279 8987
305 1090
9685 3629
2421 6016
9146 1103
5691 2561
589 4409
7992 10000
1586 4599
1216 4223
9871 9890
1728 9101
4615 6850
7516 1359
9107 1246
2191 3791
564 3660
9821 8187
8513 1395
6902 8655
4097 4079
6818 2295
1798 6168
2822 6290
7695 3240
6665 4646
3435 5806
9236 3175
3384 1820
3549 153
6552 2147
198 6195
1714 1380
9051 8728
7622 9978
6876 2803
3703 8278
1183 1733
9590 7512
3067 4601
1692 1407
4988 4281
1945 792
1637 3863
828 8722
3641 5499
1411 1846
8952 3200
7396 2232
6010 3583
9583 8910
3149 2586
4132 8042
1681 4955
7292 2575
7683 7158
5064 3035
647 7810
7923 2735
6056 3986
1753 3585
5121 1397
5602 7505
7888 6231
5748 6027
6573 76
774 8144
328 8276
1420 2313
1626 499
7977 8458
8878 1760
6989 5501
744 5450
5788 803
5719 1115
9731 7444
5400 1352
7774 7231
6127 6017
9767 9119
8083 9473
6465 8536
8683 7893
309 9100
7360 4686
2486 1157
5626 5581
1128 3352
6224 6324
7202 3267
9593 7143
4699 3372
1791 6780
8477 7956
4275 1663
1289 3840
499 4518
8566 8690
6102 1480
1473 7671
782 6896
2931 130
4113 6409
601 7768
6876 1051
9921 9334
9325 3802
439 6221
654 3364
1326 5119
7895 2940
7834 8395
807 4334
2376 9844
6970 8811
836 5078
8833 7892
767 4027
8498 5416
2809 2494
6305 3950
8614 2199
2963 1348
2270 7020
2577 4781
1735 5622
7410 8837
4535 5394
4121 4886
1637 9968
4638 3745
8538 5345
522 7766
8805 9099
7777 5495
9280 5163
9600 4023
2675 1218
5705 2954
6618 591
5348 235
5551 1315
7079 1843
189 372
5971 3455
7380 8182
8850 4113
4145 3893
2474 6957
6420 3624
5077 3561
5597 6888
9933 9743
816 7771
9888 3316
2322 7746
5160 7560
5991 315
7848 8851
2402 3611
4015 2666
5390 9568
9158 3925
2151 1096
2461 1852
905 261
5869 2245
2895 2097
5519 3754
2962 2689
1767 8515
8899 4607
432 1231
8676 5086
7517 409
4431 7419
4163 811
5873 6164
2874 3649
8288 9085
5627 217
9625 7600
7471 4952
9522 8041
2826 2731
7171 3969
7043 7402
8724 5904
8242 4188
4803 7722
8267 5288
9858 9579
553 9341
4562 2424
3472 6345
9167 3959
1776 6373
5076 5521
9223 6684
4049 7442
7860 2226
5975 4010
6060 165
9170 7527
8220 9372
3275 6246
186 9868
4328 9857
9582 288
8349 3704
597 1360
4610 7220
2266 9343
5206 7749
5725 8624
6118 1013
7955 4323
1217 4530
5252 7667
4755 5472
2104 9371
1110 5308
505 5663
8397 591
2067 3552
7553 2314
3521 2547
6276 3890
8942 6926
6457 5004
7216 4043
634 3071
5729 7475
1990 5707
7385 2892
525 8351
7826 3421
8616 9861
6687 5438
1169 6442
1099 268
3380 9467
4696 256
6107 8846
9172 829
2581 4786
9067 8282
8456 2771
8290 8664
4175 32
8040 3924
2510 7563
8497 2071
337 5882
8724 6981
6507 485
1718 1104
7544 6468
6642 1008
6002 7675
228 9051
6740 1100
9617 7761
4161 3029
7519 3331
9056 838
5401 7156
5151 9046
9161 686
3857 5600
1912 4487
1149 5757
9181 8482
7062 4067
289 9391
7455 2442
5194 36
2043 6925
2532 1432
2862 772
7875 4312
4054 1837
2258 2741
5965 9393
6932 9687
49 17
4448 6021
7747 8533
8307 4495
7388 1133
3421 1168
5489 2825
6644 9094
5084 2063
7355 8025
4366 983
2902 9824
5775 5949
2321 364
5396 7421
874 542
7342 4754
8658 8914
1496 2631
1404 2377
7102 8754
8436 8496
2066 4443
8535 2046
98 8495
6935 3891
8840 2851
4484 3453
7099 8700
6345 2550
1106 3959
7997 4013
5767 5261
2221 1094
5679 2441
2208 7865
2303 4225
5867 2977
4823 1872
3864 3400
8629 8421
6956 9646
985 2517
5949 5589
1195 6936
7229 9189
5712 9790
5520 9314
1394 8226
5188 1053
6969 3416
9739 4782
9507 4263
7458 7260
8098 9013
566 6205
7837 763
6831 8553
794 3078
3128 5721
1082 3746
9538 3684
5901 5678
7513 5453
9138 695
7001 249
6794 5222
6328 9306
4268 7621
1546 5235
8004 6675
687 318
4568 3546
4069 3969
2222 7276
9755 3695
8608 4941
9574 6435
6799 5553
927 6623
1996 9950
5887 7983
7308 9614
4629 3506
734 9212
5485 5543
6331 4172
8015 3541
5660 220
6712 5071
4273 7735
6812 4718
1621 5773
5876 3386
8279 1283
5325 4461
3302 4284
8011 6641
1047 6401
3661 102
6255 5759
7256 1954
11 9589
9522 7873
5998 5126
8389 7539
9549 6887
7378 2715
8834 7719
9401 1272
2352 7181
652 5215
5215 4330
727 3659
6970 7552
2850 2453
9915 3974
5383 5034
8781 422
62 4134
1562 7369
6624 7643
969 6650
8847 5056
5685 2649
815 947
9801 7936
6826 3863
4024 779
5221 8583
160 4273
1272 1023
9338 8357
1817 3769
6176 8785
8808 9560
6559 5381
8358 5841
9698 4794
9508 1581
9551 5962
2594 6357
3959 3666
592 9319
6126 7232
1827 8160
7227 2813
6299 232
7365 6285
8891 1940
6899 8219
5812 2145
6111 8961
2660 5417
8234 8461
9725 1152
6084 626
7100 1620
3814 2060
8143 7754
5295 4368
5829 8875
8836 2865
9484 1749
6288 4791
2005 9112
1002 4860
4223 163
9251 8558
3052 5026
4497 8506
8599 267
2336 6142
3146 395
6343 4854
3451 2335
4637 2262
7659 5789
5243 4091
4789 3801
1465 2729
2171 3803
6449 7163
9136 8586
4443 4663
464 8950
345 9648
6291 7836
8318 2535
6705 5219
4932 5060
8455 9055
4512 8645
3418 8058
6855 8357
4737 7705
3014 3252
9640 8493
5843 5939
6146 7212
3094 1419
6522 7808
5623 4623
2836 9844
7401 2674
5462 9140
3654 7389
4171 2288
6863 500
9609 1895
135 6001
6204 3362
7000 1038
2304 9178
2211 8437
7412 1922
8357 4877
2020 524
3992 8183
9140 5469
2504 5825
332 8780
1927 8947
8144 9535
9661 7209
8621 853
1235 2132
5232 1893
4328 903
9407 8594
3842 4999
1845 2820
2281 7280
2021 4548
8773 7503
7722 741
9526 4953
8368 6268
3439 5334
60 7804
544 7861
3708 9509
5763 685
1964 2239
8294 6637
1675 7762
4482 1238
3755 8914
6154 1596
4384 4723
8460 313
6098 5397
943 4872
6128 7425
6704 4404
743 4435
9226 9249
1553 1641
6533 9820
9487 906
8846 8476
5282 8233
302 5348
798 2321
38 3862
9675 2179
8446 4824
7856 3454
2364 1992
4536 1020
5866 1521
7044 9873
2345 4736
3352 2643
9116 4793
5392 9893
6198 6019
9666 571
9835 9604
1434 619
4958 9074
9082 4935
1556 7814
263 193
2513 4965
4776 2521
5195 6129
5500 9611
3740 8112
6188 547
9836 1017
9974 7060
3147 8999
8517 2671
8928 8343
9997 9238
2003 5821
3929 8812
8328 8006
1223 2076
1439 1925
8129 9092
1373 1558
1071 1672
2125 2254
6170 1590
1813 492
5627 8688
6086 1118
1186 541
181 359
6517 5722
8175 1999
8062 118
2742 5996
3957 9534
8785 8167
7988 7890
7382 5708
2804 9963
5296 2039
4536 1455
5226 5751
2758 1445
2817 2923
1026 4529
2746 8711
5772 4071
637 7348
4047 7939
9260 824
830 7298
8757 9918
7280 5728
9720 9729
177 9038
9453 2595
7934 8498
3582 2858
1160 1251
9756 5647
2486 6691
53 5168
6929 5896
9627 1747
7486 1532
4022 2412
4608 9030
3159 4017
7948 4729
4939 8047
757 9915
1153 8314
5370 7497
9786 5803
915 3409
7557 4158
3912 2799
7274 2752
5306 9805
8205 2368
7261 4940
9242 4294
3273 8637
8946 2224
3510 5972
6157 2766
2362 1537
5465 4245
4813 8877
7672 7777
3638 5757
7340 8588
1371 8274
1944 1843
3898 3033
6648 9481
6576 4830
5893 9783
1028 5179
9258 3272
5741 2604
4247 813
5689 1696
7409 8415
2504 2006
1221 6918
8112 6867
785 2641
1112 3846
5537 3504
1597 9247
8133 921
5682 4159
4621 3299
6860 9910
5502 9149
9371 1512
344 8051
7141 7167
7806 3977
2172 4476
1330 5512
9473 4230
9595 3801
5831 4455
9310 3371
7163 5582
7982 1129
5608 4768
77 2807
7905 4
15 1424
6558 1560
924 2912
7914 1636
6105 3132
4719 450
3810 5924
8350 7190
4438 4280
6913 4368
5143 2690
8542 4372
57 7854
2317 8915
8439 3773
7192 4069
4652 7305
6786 6170
2619 1749
1847 4481
3584 8170
1918 8731
4897 3461
2370 1468
5287 7981
3803 3318
6845 1027
7718 4240
6164 1536
8773 8560
586 1821
2916 5967
9974 2934
7467 2875
5342 9567
4020 3715
7758 897
9321 7562
6205 9988
7425 3191
9931 8319
4508 8147
9668 4237
4412 182
3105 8197
4337 8483
4489 6683
587 9606
5072 3724
3150 826
7937 7081
7881 4731
8019 6638
5016 8104
2311 6661
2911 4143
8854 960
2872 5840
9155 3389
7994 9314
508 2735
1065 6962
9130 6318
2541 9662
7479 5998
1030 3145
6321 9323
1194 6049
9089 756
6282 842
5797 866
3739 9120
3561 7203
7551 8124
7734 2299
4122 2016
9984 3284
3883 1290
5648 6175
1549 5818
8284 4914
5617 2929
9989 5047
573 4320
2505 2720
324 9233
4700 754
6590 1833
9943 4223
6378 2706
2606 7103
4048 9107
5146 8711
8204 8677
2053 5161
7508 2531
8310 6671
612 7224
2540 8135
6371 5379
2569 4416
8401 7401
7508 5240
8488 5574
6777 9879
6540 3227
417 2703
6233 9370
4396 6691
9594 5526
6615 6964
4038 5191
3339 768
6178 8177
3450 5335
141 3268
3275 9610
9001 4760
9115 9804
8775 7806
1455 2501
5260 4183
2769 4959
9983 5510
171 7726
8035 5866
2723 9352
534 8096
3217 1416
8748 126
588 8000
6080 3891
8373 3539
758 4815
1472 6543
9514 1267
304 1036
4901 5060
7387 893
731 4852
4206 9704
5628 7654
609 9852
5247 9409
7499 6054
1703 8353
3835 1085
2921 3896
3358 7570
2052 7714
5963 7947
1933 7254
9305 6074
2943 6284
2411 5151
4585 1545
3090 2105
3795 5063
877 2361
357 1930
2354 3662
9580 4946
8189 2339
9402 4248
6782 1642
8613 8002
3755 1980
6677 6922
4796 6140
2613 6651
7884 6218
9478 2390
1393 8180
2402 6340
8343 4713
5771 8206
2355 7061
3615 1611
139 6425
5709 4970
6127 70
2018 3449
989 1474
1926 934
5783 7891
1110 879
6700 210
8403 8452
7234 4035
954 3686
559 9687
726 1157
9677 6791
7764 362
8882 4042
7290 5709
6033 459
5046 4830
9661 5479
2351 2528
701 3538
8447 1995
3660 6716
6501 308
2569 1614
990 7429
6821 4320
3305 4770
2009 6243
1991 2459
7329 8913
6785 7358
4691 7597
1827 2413
9423 1803
3874 8867
9832 8925
8087 2931
945 7715
5189 1051
1490 5813
9744 8535
4062 4070
2816 7144
9279 5186
2476 6914
6250 8342
8990 3242
8291 9426
2727 2112
9649 8892
4481 3213
3877 6889
7194 6993
927 6028
7198 6682
6087 9041
2711 2192
6882 5215
8181 3210
2959 4809
3479 4794
6239 1673
4429 6079
1122 9475
8354 4327
3042 2483
8830 2341
6124 5442
2491 296
3417 4715
2424 331
9241 9273
3260 6299
9908 2695
3722 5177
3511 7966
6008 1615
6634 715
8935 4956
8868 2617
4545 5728
4975 3361
7658 6003
8 6076
5421 9232
1319 8782
3500 2489
3713 1010
9320 7873
9019 5726
813 2167
8046 9394
5160 5900
7970 8327
5303 3007
3083 7339
2487 6136
4978 3572
9205 30
8336 2816
4808 342
1696 3633
3113 6524
5634 3741
9576 8037
4434 359
7518 9175
7032 3854
946 4284
8032 1503
7172 157
1662 2890
3576 4643
8176 7634
9892 1607
3048 6393
901 3295
9811 724
9829 6392
1233 9536
3381 623
1009 3856
7334 8558
3954 4566
1032 7541
3580 7579
1974 4638
1350 9554
8647 763
6707 3691
4574 2023
7396 8194
9814 407
3071 2601
9125 3713
3525 1676
3900 6038
5669 1456
8543 3024
6396 5508
1294 193
9659 3462
4643 2347
8554 2259
4556 674
5999 1872
4145 3625
2814 8810
247 5245
2108 82
6114 4379
3202 4330
1241 3113
4609 7848
9031 738
6019 3096
610 9323
3303 1182
2471 1653
3198 9075
8610 8686
380 9520
1200 8506
3917 4195
8252 3782
440 6110
5883 2434
9821 1443
8299 6841
669 6658
2337 3848
4537 2854
8765 3659
3489 5359
7848 1981
8137 9514
7809 1968
552 4307
9547 5992
1590 6478
7535 796
7701 9746
625 8941
8015 6670
5891 9392
2231 470
101 4570
3640 8257
8643 9987
1257 3101
39 1429
9146 9768
6899 1159
6073 8632
5532 5597
4047 2406
7849 9493
2247 3639
3995 1595
9375 3374
2276 3577
1938 4211
145 3108
5124 1494
8932 8539
5032 454
7903 8175
4859 1057
8780 6695
5925 5945
2725 5346
4533 9129
9563 758
4659 9431
4942 3294
1746 4179
3046 9990
4888 8451
6005 9310
9680 9584
8908 1593
7991 8225
971 5525
7935 5933
2254 5794
20 2842
6619 6437
6738 9506
2908 7414
6663 3762
6748 1630
7739 1160
3120 5284
4324 7911
2297 1315
325 7072
1615 1444
8697 8047
8528 8409
7399 8679
7847 8162
1117 5329
3871 5142
1950 6057
783 8870
2935 4641
3091 298
9515 7025
6496 9839
4546 3665
237 5862
4259 4558
9267 8227
5026 8038
9322 1573
2949 4216
4465 1176
2280 9867
7787 8813
4319 4812
8289 6698
3308 8294
1385 1185
5599 5532
5556 5172
9496 2955
4914 4344
6419 3193
6040 1763
7943 3858
3233 9707
8041 883
7494 5135
3115 4081
9800 7418
645 2751
6476 1243
6639 4882
3749 9953
7498 273
5584 7242
1880 9172
9372 7394
1764 910
8388 9393
7590 2878
8148 4000
9436 5828
8938 252
7750 9128
7506 3698
7446 9585
9505 7021
4820 71
8626 9360
8445 2763
1055 4934
8194 1042
4166 3771
8989 8682
9315 5167
2760 496
5561 1766
6877 8703
1693 6470
6702 7374
8767 5435
7964 3054
8693 3709
3127 872
873 6995
4029 6693
3046 1174
8613 6839
6825 7528
2485 574
5257 3103
9179 8436
9038 8408
9195 8635
7710 2390
7083 8151
5940 1572
8086 7769
5346 4777
6755 5999
2978 6299
5742 8481
7218 6646
4946 6387
8131 6917
8259 5969
4349 691
8589 6863
9985 2430
4854 3650
3249 8177
198 6830
7796 2035
5676 8858
6650 4165
6450 8621
4205 2333
7064 109
1794 3790
970 4439
9235 3147
6969 7026
5950 3385
6383 9123
9369 7681
2699 5374
1475 3063
3848 1888
4037 3512
5049 6839
8338 9292
437 6742
415 2201
8067 8720
7802 1700
344 6546
6701 7044
903 6171
9186 8099
6665 5165
2269 4220
5183 2942
1530 174
6475 4563
3570 1647
556 856
1355 3549
5967 8994
2595 6335
3808 6095
2897 7293
4258 1649
9551 3205
3620 7339
3397 6173
3434 3603
3619 2554
6215 8951
3827 6805
9940 7535
9043 8791
8235 3453
5707 6728
6257 2576
1489 6920
8442 6990
4704 4677
488 7008
7971 9637
5770 7259
132 7040
3613 4901
6351 5869
9024 2573
7060 527
1990 8023
9099 1342
5389 1868
8532 6719
4462 9025
4116 2426
5436 1621
428 9316
5056 4376
7005 4640
8202 8073
1975 1206
3076 4231
5150 7433
3291 2488
6139 897
274 9208
2120 4856
6384 5594
6263 5545
4941 4414
3827 4044
6391 1799
1318 4030
3258 8099
8886 899
5286 590
591 1729
8745 9824
9613 1388
4849 9658
1021 2736
8357 292
1023 7395
8602 6538
6382 2326
8983 9537
8885 96
1322 5537
2651 4407
6097 2150
3396 3688
2732 5218
3968 7114
4878 601
3743 8589
9425 9254
4542 3069
16 7918
9432 3103
9437 2503
4082 4314
8359 2190
5089 244
4885 5441
5114 9683
967 5054
6348 7591
1078 26
965 5596
9779 1390
6042 3210
618 1730
5605 4672
9521 380
6999 2493
968 408
7921 6240
1562 9117
5549 7727
6674 7712
1052 5001
1170 4568
2334 327
7423 4201
8247 7842
6170 2235
5170 6361
4875 6333
9630 7272
4725 2621
3602 1437
4129 4210
3711 6850
7822 4688
1958 2210
5604 8512
6814 8440
3550 4283
9815 3596
4668 6283
7288 7799
8601 7273
588 8339
7625 7664
9127 6361
9463 5985
3589 3534
3684 919
9459 6431
9353 9962
6197 7166
8827 6605
9346 8393
5147 8244
3243 2309
2811 9982
4744 6880
9224 6678
5170 9379
2304 5019
6040 7086
2625 18
4618 6633
8752 8872
9345 1059
1328 4138
4577 1935
518 1377
251 2689
7807 550
9261 2997
5845 8439
8425 6571
6187 2580
3457 6463
8465 1350
5376 8241
4073 4120
58 1710
8450 6520
3936 8917
792 9965
1102 7257
8774 2518
3747 7626
6502 9210
9833 8607
417 2579
6548 1297
7670 9081
6924 9237
2364 8888
3132 1604
694 1540
9531 8441
3431 3797
937 6010
1648 5343
518 4401
7864 3695
4207 3519
4647 1395
4961 2291
507 7728
1111 3677
2840 9577
7646 3991
1513 9958
2774 1105
3563 5480
6857 9954
8903 7100
9442 5848
4021 1686
6581 3182
5404 1873
8924 2785
3372 6363
9881 9139
2678 2847
6438 9278
2456 9505
5125 4758
9008 3098
2821 1590
4274 8834
7827 3690
532 3363
2656 5575
3991 8855
7411 5960
4346 5411
2441 2272
4607 6749
5729 900
2149 6838
191 3046
4162 6641
9764 1180
1268 8514
4035 6295
2238 2791
4749 8938
4993 5187
5029 6379
8845 5978
9116 8010
875 610
2141 6008
9553 3437
2543 8334
6930 3772
3355 4319
9404 1865
7149 907
8841 5
907 8912
6622 9908
1403 2712
7556 7676
8985 7922
2184 9718
8739 8954
463 4809
7090 8970
4501 6458
1654 4074
7800 5427
1498 5981
3623 9571
8889 8537
4611 1096
2730 6609
5305 4952
9014 927
3999 3152
7965 9541
9329 8307
4660 7448
638 1732
7753 5080
2746 8132
1125 5970
7031 1982
3521 4292
1531 6253
6141 4154
710 7276
9444 6747
2122 8550
2835 7373
6537 4874
2996 6662
9807 7185
2114 5305
1102 5283
2438 3492
2500 3351
7876 2974
9402 8034
4188 2460
9274 4406
8418 1514
3852 2130
9068 2959
3687 9748
6147 481
1602 95
7373 3459
1900 7304
6654 6197
3948 4242
1563 7432
1661 4487
526 2775
8835 4719
9154 7776
3944 2338
8303 5547
6366 5014
7631 4643
8147 6553
1978 6115
8092 8934
1856 958
8026 6941
2350 1585
7327 6640
7835 3545
1432 497
1689 569
8297 6714
221 1300
7933 7669
4039 8186
2620 2254
2906 9372
4471 7829
2555 5717
2933 6986
606 5660
3981 4286
4127 6972
4764 5662
5737 4842
1009 6788
2896 1582
8064 3905
7362 7022
8740 359
6545 3279
7511 6960
5154 1653
9562 5592
108 9657
4394 3499
9279 5567
8657 1145
5964 8710
2403 2678
4128 4622
6245 7750
6836 5883
5552 871
9902 8013
9808 540
8953 6066
3229 8983
1716 3340
1270 3171
5338 5276
5511 1730
9118 2071
3291 3833
9208 2246
3325 9777
6798 127
6429 2344
8315 3405
1824 4016
736 9771
3761 8181
7044 6630
3646 7461
6389 8981
5320 5236
7023 8232
7092 3114
9084 4516
14 7436
525 3879
4300 4436
505 44
7895 862
3799 2958
8799 5492
9710 8820
5479 1555
1715 2800
4654 904
3714 4999
8171 7485
6264 7957
6025 3009
3798 5950
6109 5737
7545 3796
8725 4006
605 5181
1378 5544
1997 7630
7465 2537
283 5143
4028 9180
8768 8349
1345 7834
172 2358
1562 5509
6110 5885
5534 4490
5339 5892
755 5688
7812 5964
4469 159
4174 3882
4288 717
1857 343
287 9341
2776 4208
8808 9956
6775 5585
4505 713
4145 5291
2413 8562
6339 1844
8016 5909
7670 4507
7140 6588
3431 9697
3018 2436
1555 2681
4900 509
2369 7416
835 8238
8256 4577
7152 5884
9965 8580
5496 3495
4026 5148
7529 9263
6414 2714
1402 2081
8254 3253
6656 3821
5057 7501
7159 9258
4029 8323
7999 1142
9973 1492
7413 4885
528 7339
4186 5262
4722 6649
6504 3104
6734 8922
5250 8619
4598 8149
3738 3692
6195 3485
6750 3145
785 2726
2346 6723
9979 1804
9717 9833
1057 604
7271 3018
8542 4148
7969 5278
5525 7788
7623 7558
6462 5366
757 4861
2818 209
639 3382
2756 3758
5486 7313
8255 5598
9513 9852
2226 3628
5302 7107
6004 3960
3249 7889
3590 4746
6311 1656
808 1488
3076 2507
477 7456
9240 57
5980 7694
5761 2708
529 9378
1572 7609
5238 7400
7183 7431
8576 602
5878 480
341 5359
3424 4041
3624 429
8843 3165
8865 9171
4806 7323
491 6667
9049 6426
4750 12
8099 660
5908 1317
3137 3479
1913 6358
2846 3308
7562 2054
7837 1435
9747 2289
2229 9607
2265 3096
486 3240
5112 891
69 3335
3992 2663
5039 8052
2041 2329
4701 5957
3409 5385
7584 9706
9093 1607
7243 6173
7650 6749
5474 7287
6224 3136
8390 2514
3673 4828
7294 2001
1876 2752
8544 8994
2841 3308
551 6789
8498 1541
6463 7041
7462 4864
7428 5116
7167 2920
4589 1530
6128 1741
6341 1893
75 7063
2418 2029
7200 1472
8580 4408
2774 2200
6600 8918
2227 2930
1864 9932
8192 217
9449 5505
5528 6508
2881 8539
4587 3907
4334 28
523 4359
9626 7699
4730 9315
1511 480
4317 8168
4459 7773
4896 7636
6699 4618
5279 2594
3276 9092
5810 6242
4454 4841
4979 7413
593 4944
2932 3266
6708 4466
801 9643
2911 9843
4521 1341
4243 8997
6187 3587
3681 1278
3265 5498
4093 3338
8317 4880
6590 6532
7746 5192
9700 716
1489 493
9193 321
6097 3494
3074 3678
6813 6267
1787 4126
3228 2721
2449 3448
4014 7697
3944 453
3506 3168
8432 7680
7332 7568
5984 1995
6266 4807
1469 5697
8136 2228
5056 7452
7484 2084
7670 1400
4108 5028
305 8286
8859 6271
7300 6747
7147 5344
5506 568
843 9543
7832 5969
3853 2828
8914 5993
6319 2073
1481 3444
4724 5288
7781 8920
2124 2082
8607 5097
2922 7183
73 6745
1646 9272
7105 1770
6154 8615
5724 5097
2087 1916
3108 6367
1730 7840
627 7448
7210 364
5161 938
1152 4437
4785 5827
3110 656
2170 6439
5263 5077
9519 8725
4110 2065
9131 4990
2383 8408
6446 9662
2101 5927
6724 3214
9506 43
8270 2927
1031 1868
4332 227
2565 2204
2925 3938
9964 2798
1687 8153
9114 8903
8668 3981
8054 8410
3796 4061
8559 8540
2609 793
2372 9732
1293 6953
3731 1621
8735 6678
9482 5142
6634 4717
5856 113
1464 5180
1810 1917
1667 334
1428 6706
1911 7164
6641 3301
5517 3153
8155 1943
2808 2583
6314 2099
9566 2737
6991 6909
3346 6900
8979 2691
9734 7275
4710 7695
6842 6856
7440 1049
255 127
9791 870
7251 7068
4266 9840
466 2903
2753 3581
8334 8717
8666 8301
7997 8940
8054 2315
6447 9124
9426 661
5090 2893
40 3535
849 993
8642 8189
2555 4681
5216 8810
1592 6030
3897 2157
6954 356
7592 155
4357 2343
4838 5065
1597 6248
4360 443
4882 441
8298 5003
4650 4277
7660 968
4728 8210
8545 6523
4596 8361
2767 2640
894 2482
5896 9103
2939 3543
51 2748
7586 3001
3044 2654
4918 863
8317 6461
854 6841
2489 136
248 4539
5771 5987
7729 2852
8052 771
6120 4977
1976 9813
1097 2937
5209 5954
3013 4964
5538 9181
5012 4716
8135 6773
1410 4551
4419 8088
9523 4876
9133 1086
85 4910
3350 8919
3393 5105
1825 2672
2064 9656
5755 7549
7407 1429
2556 8103
8540 3847
3197 4303
2274 5380
5614 3387
5375 7564
1755 7537
7028 795
4052 3211
2996 7978
451 2286
9533 1904
7976 7604
7238 4373
1266 4518
4106 8390
5829 4433
5262 9896
1507 3598
9596 199
350 8223
3151 1870
4949 1739
3761 1309
3250 8692
7510 4517
3984 4991
3728 2692
4879 3839
5610 7970
4093 6593
3482 9883
3116 6708
9479 8091
3440 4032
9063 3470
2384 3577
4640 215
8672 5992
2751 2990
2696 908
9693 6612
6334 6039
6043 384
4564 6152
6652 9007
1995 8570
1740 8478
630 1811
1060 740
8684 4984
7138 5918
6688 3269
5037 7266
7881 5360
4176 3121
5776 7571
9511 1408
961 673
5608 2024
6405 7393
3281 6274
5409 6598
506 6914
6521 59
9381 2933
7945 8261
1130 8175
6616 5381
9213 4063
2567 6973
4251 7244
3181 549
8754 3823
9073 5683
3644 4395
860 2029
5422 5418
975 3999
4425 763
7647 1739
4275 4843
2887 8020
9276 5648
8406 3621
4053 9947
6044 1858
696 6050
2844 7111
7555 5568
3028 240
9664 8006
5334 66
1675 9719
8113 9401
1086 4118
6454 4685
6106 8313
2718 5612
7601 8622
5918 474
4339 9405
6135 6449
4763 7304
3256 9645
8057 134
143 6646
3902 2384
818 5285
5350 7925
282 9575
8762 1891
1906 3302
2915 2380
4405 1596
5603 5594
6730 6064
3292 6593
6149 9057
21 2571
2697 3758
4046 7132
3490 5736
10000 6153
9438 8796
3850 9522
8572 3807
3186 6351
7139 8025
5716 2598
5110 1960
8642 5768
9153 9188
4303 7124
9312 6519
8829 3247
5955 8103
1648 8154
7417 6659
746 580
5242 9495
3228 4639
5635 1353
7832 8322
448 6865
6343 2285
4759 2214
9666 4579
5026 578
2631 4889
3072 3711
9222 9850
595 6383
8890 7160
1826 9625
3973 4856
7972 1522
