10000 200
211 2592
3613 211
9415 3613
9415 4100
4100 1699
8378 1699
1712 8378
1712 9220
2844 9220
2844 3226
3226 674
674 5878
5878 834
834 8749
4208 8749
9494 4208
7060 9494
4613 7060
4613 1918
1151 1918
1151 8330
8330 8496
8496 465
465 2091
2091 2073
7981 2073
8520 7981
8520 3571
3313 3571
3313 6945
3036 6945
3175 3036
3175 6783
6783 5230
5230 2265
6710 2265
6710 5914
5914 1488
6941 1488
6941 6168
6168 1701
2706 1701
2706 4323
6535 4323
6535 9645
5086 9645
7342 5086
7342 3540
3540 5233
2573 5233
2573 6690
6690 7169
7169 981
402 981
402 48
48 7470
7470 4810
4810 3218
3218 5296
5296 8195
8195 5631
1706 5631
5938 1706
4429 5938
4429 9844
9844 7683
7683 3183
3183 5915
7012 5915
7012 7029
2387 7029
2387 310
4216 310
4216 8125
8125 1671
7675 1671
335 7675
6326 335
5964 6326
9317 5964
9317 4440
8194 4440
8194 1109
3824 1109
8896 3824
5518 8896
96 5518
428 96
4235 428
4235 223
223 3160
3160 5778
5778 3831
8999 3831
6040 8999
6040 6193
6193 683
683 7125
7125 1747
1747 6524
8065 6524
8065 3475
3475 8218
8960 8218
51 8960
51 9335
6036 9335
6036 2476
7734 2476
7734 2072
4895 2072
4573 4895
9256 4573
9598 9256
9598 3973
3973 2131
2131 7985
7985 2663
4415 2663
5427 4415
5427 3826
3826 4142
4142 7691
7591 7691
7591 3854
2975 3854
5607 2975
5607 3522
3522 5750
5750 5901
5901 6267
6267 6410
4615 6410
4615 1436
3668 1436
412 3668
412 9507
5583 9507
5583 5335
5335 4350
8468 4350
8468 3074
8448 3074
8448 345
345 6097
6097 4652
4652 531
531 7431
8156 7431
2669 8156
2505 2669
4013 2505
8051 4013
9126 8051
3307 9126
3307 6712
8056 6712
8056 4871
4871 9635
3649 9635
3649 382
382 5017
5017 8743
8743 8920
8920 1572
1572 159
159 5277
5277 5819
7812 5819
3045 7812
6883 3045
3291 6883
1194 3291
3612 1194
3612 8643
8643 1884
6416 1884
6416 3334
3334 4829
1155 4829
1155 2789
185 2789
185 3978
3777 3978
3777 3398
1790 3398
2725 1790
1901 2725
6477 1901
6477 655
6811 655
6811 7272
7272 8003
1852 8003
1852 9943
975 9943
975 5887
5887 9414
5309 9414
7468 5309
117 7468
2974 117
2974 7732
7346 7732
7346 3711
6657 3711
6657 8998
8998 9654
9654 8757
4575 8757
5860 4575
5860 5127
1666 5127
4183 1666
4183 2058
2058 8803
8803 3714
3714 3574
4476 3574
4476 9269
9269 2778
2778 4336
4336 6505
6505 6499
1053 6499
346 1053
6652 346
6652 3957
3957 1898
1898 6878
9350 6878
9350 7477
7477 5836
5836 7672
7672 4001
5100 4001
3098 5100
3098 3310
3310 8357
8357 510
510 2730
3586 2730
6117 3586
6117 9196
9196 6009
1753 6009
8127 1753
8550 8127
8550 2800
5760 2800
5760 7186
7186 6284
7935 6284
3427 7935
3427 6750
6750 879
879 8648
7063 8648
6588 7063
9755 6588
8843 9755
1462 8843
1462 2673
4731 2673
5683 4731
2768 5683
2768 2232
2232 25
2909 25
2909 9636
3559 9636
3559 5706
3359 5706
4764 3359
4764 7103
7103 2336
1526 2336
2283 2336
2283 7195
7195 4474
9008 4474
4278 9008
4278 2162
2162 637
637 8209
3466 8209
8644 3466
8644 2218
2218 3115
3115 375
6864 375
7497 6864
7497 8079
8079 7352
7352 3963
3704 3963
3704 5903
5903 141
7401 141
7401 2960
2960 7626
4816 7626
4816 2006
1483 2006
1483 4526
2331 4526
8578 2331
9984 8578
7190 9984
7190 9741
4505 9741
7560 4505
6480 7560
5156 6480
5156 1400
415 1400
5008 415
5008 165
5114 165
5114 9445
7322 9445
2919 7322
2919 8241
2250 2919
4403 2250
4403 8642
3163 8642
3163 4410
2742 4410
2742 2578
2578 7171
7171 9250
9250 5723
5723 9956
9956 158
158 1227
1227 18
18 6395
8113 6395
880 8113
3154 880
8113 8248
8248 4523
7744 4523
7259 7744
7259 7381
7381 4804
4804 1802
1802 4246
8630 4246
4246 2401
2401 8479
8479 5530
5530 2064
1316 2064
1316 7387
4799 7387
4799 691
5001 691
5001 5399
2189 5399
1647 2189
1647 6586
6586 7679
7679 2408
2408 5106
5106 646
9913 646
9913 7684
7684 4931
4931 9416
7292 9416
570 7292
570 6056
6056 6072
9513 6072
5116 9513
7013 5116
119 7013
9684 119
9684 6396
6396 717
717 8429
7550 8429
7550 271
271 3435
7317 3435
5692 7317
5692 1330
9592 1330
9592 6921
1337 6921
2390 1337
2390 4093
7554 4093
7554 2918
58 2918
58 389
50 58
9000 50
9000 140
6575 140
6575 5519
5519 6276
6276 8581
5985 8581
5985 1263
1455 1263
1658 1455
1658 448
1658 3799
3799 7187
7187 966
3412 966
3412 8878
3412 162
4997 162
4997 4039
4039 2092
2092 246
246 9333
5414 9333
2836 5414
3743 2836
3743 437
5693 437
6475 5693
6475 3350
3350 3172
3350 332
332 2543
4781 2543
9345 4781
9345 160
2896 160
6728 2896
6728 4758
6728 5865
5865 8119
6873 8119
6873 8320
8320 7594
7594 3942
3942 312
7936 312
1266 7936
1266 2878
4962 2878
4717 4962
1233 4717
7000 1233
7000 1547
1547 3691
1808 1547
1808 4197
9999 4197
4197 340
9999 9970
7334 9970
7334 2801
2801 7483
7483 1525
1525 4735
4735 8185
1728 8185
8273 1728
8273 9713
2888 9713
2888 6050
2888 8361
2146 8361
7480 2146
1756 7480
1756 2090
8443 2090
9113 8443
8443 9161
9161 4236
8598 4236
8598 7333
7333 7139
7139 5091
4145 7139
74 4145
4145 8133
7489 8133
2605 7489
1390 2605
1390 728
1047 728
932 1047
932 8549
8549 5105
5105 8785
8785 8497
6487 8497
2763 6487
7178 2763
7178 6515
6515 9738
9738 7115
5361 7115
7115 8124
2891 8124
2892 8124
1810 2892
2741 2891
2741 7268
6211 7268
6211 200
200 6696
6696 4673
3185 4673
3185 7824
3185 4983
4894 4983
4894 116
4884 116
116 9144
8236 9144
8660 8236
5818 8660
5818 6063
5818 5291
4478 5291
4478 3827
3718 3827
3718 2686
2686 6882
4466 6882
475 4466
475 1714
1714 8060
8060 1962
1962 9968
9676 9968
5124 9676
5124 1828
5124 9187
9187 509
509 3317
1868 3317
1868 6915
5050 6915
1650 5050
8793 1650
8793 4868
4868 8587
8587 9167
3734 9167
7375 3734
9825 7375
9825 1648
1648 6800
7758 6800
7758 8561
8561 2554
1713 2554
9581 8561
9581 2507
2507 7601
7601 5403
5403 4784
4439 4784
4439 2121
4439 6418
6418 3286
9070 3286
9070 1641
1641 2952
2952 2931
2952 1818
8627 1818
1139 8627
1139 2368
54 2368
54 8734
8734 2451
2451 7456
4481 7456
8249 4481
8249 2074
2074 3664
4458 2074
5436 4458
8046 5436
9942 8046
6560 9942
6034 6560
6034 6605
2964 6605
2964 7502
7646 7502
4046 7646
4046 4856
7939 4856
2053 7939
2053 9078
9078 8552
9032 9078
4277 9032
2864 9032
4205 2864
9382 4205
3029 4205
3029 1220
1771 1220
1771 9833
9833 821
4670 821
193 821
193 8875
821 1636
1636 9367
9367 789
2806 789
2806 6533
6533 4306
4306 1813
2070 1813
2070 7422
6676 7422
6676 8583
8583 3504
2894 3504
7011 2894
4857 8583
3761 4857
2671 3761
2671 8444
2671 5785
5785 6680
6680 3602
3602 2854
2854 826
2413 2854
2413 3344
3344 1069
1069 4674
302 4674
7150 302
4674 7840
4126 7840
3733 7840
8570 3733
874 8570
6818 874
4686 8570
984 4686
9377 984
9242 9377
9242 988
4621 988
4621 5215
5215 6314
4477 6314
5616 4477
8109 5616
8109 6628
9891 8109
6292 9891
2193 6292
9891 929
2193 4778
4778 6437
6437 8881
2727 8881
2727 7915
7915 734
1531 2727
6028 734
5601 6028
5601 7781
5601 8891
8891 6943
6943 393
393 9657
5300 9657
5300 6128
2557 5300
3982 2557
3444 3982
3444 8866
1466 3444
1466 9932
4374 9932
2460 4374
2460 7720
7720 9659
6604 9659
9595 9659
5821 9595
2971 6604
5821 4220
5821 8522
8522 3750
6618 3750
6214 6618
5620 6214
5620 4849
2780 4849
2780 9906
9906 5139
534 5139
5139 6453
5669 534
6098 5669
9826 6098
6098 941
9230 941
7504 9230
7504 3340
1562 3340
3186 1562
133 3186
133 9326
9326 411
411 4974
7640 4974
3099 7640
3099 7350
7350 2695
7350 8731
6863 8731
6863 9243
8732 9243
3166 9243
9243 7833
6296 7833
6296 4031
9390 7833
6176 9390
6176 6236
6236 5336
5336 6110
9097 6236
1204 6110
4536 1204
6110 6482
6482 189
189 6374
6977 189
6977 5727
3986 6977
6977 9192
8136 5727
5992 8136
3576 8136
3576 3270
3576 5891
5891 3556
3556 786
786 8680
8680 8908
8680 6319
6319 5586
2398 8680
7460 2398
8752 7460
8752 8516
6514 8516
6514 4262
7258 4262
5047 6514
4262 8392
2537 8392
8392 7043
5047 9412
7940 2537
8973 7940
8973 1217
1217 9569
1630 8973
1630 3987
1630 3865
3865 5615
8417 5615
8968 1630
5615 4012
1580 4012
1580 5223
1580 3701
4283 3701
9045 4283
3701 7721
7721 5063
8414 7721
8414 6901
5637 6901
5637 3588
3588 5951
5951 6460
6460 7765
7765 9213
194 9213
194 2873
2873 7597
757 2873
757 7392
7597 772
1257 772
1257 7183
5320 7183
1221 7183
8545 1221
7622 1221
7166 7622
5062 7166
4835 5062
5062 3635
186 4835
4779 186
186 8018
8018 502
3871 8018
3871 8519
8519 8618
8519 1020
8352 1020
9464 8352
8352 2738
2738 6464
4168 6464
4168 3735
3735 1499
9110 1499
9110 7464
9036 7464
9036 1317
439 1317
2702 439
4284 2702
7769 4284
2816 4284
6648 2816
2816 2396
5060 2396
2641 2396
2641 1379
2182 1379
2182 9979
7756 9979
9979 2187
2187 2631
8424 7756
7110 8424
6080 2631
7110 9263
9263 3149
3149 3817
8916 3817
4904 8916
79 3817
79 1307
1307 9498
9498 1388
6669 9498
7004 1388
1205 1388
8355 1205
1205 1274
1274 5845
5845 3128
9188 3128
3980 9188
3980 6327
6327 1854
4177 1854
3090 1854
3090 9084
5523 3090
5523 6093
6577 5523
8110 6093
5523 7989
7989 6507
6507 1002
8110 8285
8285 9873
9873 8275
2069 8275
9839 2069
1909 9839
1909 2558
3706 2558
3706 9266
7690 9266
8215 1909
5360 8215
7369 8215
7688 7369
482 7688
482 2722
4479 7688
4479 4994
4994 8089
9783 8089
598 9783
7666 598
7666 9030
3751 9030
5899 3751
5899 7337
5899 6052
5703 5899
3549 5703
550 3549
9690 550
4432 550
4432 8251
4432 7009
7009 3102
7009 2365
4822 2365
9365 4822
1339 4822
6243 9365
6243 782
782 3922
6820 3922
6820 2937
6121 6820
1034 6820
5420 2937
9340 5420
9340 2025
9687 9340
9898 9687
9898 9961
8906 1034
8906 7215
7215 4645
7389 4645
4645 240
240 5893
9571 5893
8242 5893
6272 8242
6272 9849
760 9849
2235 6272
3682 2235
3682 7114
8500 3682
9995 8500
9995 3514
6343 9995
7114 1444
6343 16
9586 1444
16 4513
4513 6127
8289 6127
8857 8289
808 4513
8857 6347
6347 3487
6347 8691
1487 8691
1487 2212
2925 8691
9954 2925
9954 2928
9954 3328
3328 2397
2432 3328
2432 9270
5352 9270
5352 8427
15 5352
15 2009
2009 6660
2009 2614
3551 2614
1144 3551
9063 6660
1597 3551
1597 3968
1597 8790
5121 1597
8790 4854
4854 8653
7154 8653
7154 8711
7649 8711
4096 8711
300 4096
2031 300
2031 4282
4096 7462
5584 4282
5550 5584
5550 5058
5058 5925
6857 5925
6857 364
911 364
8884 911
8884 1024
8884 8972
8314 364
8314 6917
7182 6917
3190 6917
1280 7182
9485 3190
6983 9485
6983 1354
1354 1272
5741 1354
2267 5741
5741 5439
5439 4794
5439 7068
2957 4794
2957 3374
9639 7068
9639 322
322 2600
1102 2600
553 1102
883 553
224 553
224 8807
4566 8807
2362 883
4566 1083
1772 1083
8807 3241
2585 3241
1772 7617
1772 255
7617 3527
6613 2585
6613 2452
5678 2452
2135 5678
2135 2107
7383 2135
1677 2135
8180 7383
8180 6378
6378 2454
6378 1556
2454 8015
1911 8015
1911 7018
1556 3709
9124 3709
7105 9124
8397 9124
7105 3208
8397 6350
3208 7077
6313 7077
9066 6313
9066 7886
5974 7886
511 5974
450 511
480 511
1275 480
1110 480
1110 5627
1110 7853
5627 399
2822 1110
2822 7085
7191 2822
7085 2034
2034 3222
2034 4080
2834 4080
2834 8989
5625 8989
4739 5625
4883 4739
9100 4883
921 9100
8563 921
2904 921
3369 2904
2752 3369
2752 1498
1498 9372
2752 2689
9372 28
2689 9381
9381 4397
2399 9381
4 4397
8667 4
2399 2306
2306 5317
7155 5317
1198 7155
1198 2249
408 2249
4212 7155
4212 354
354 2893
354 7404
3656 7404
3656 7247
7200 7404
3802 7200
8755 7247
8755 9428
2840 8755
1902 2840
2840 7725
1433 1902
1433 8689
1902 1965
7571 1965
7586 1965
7416 7586
6642 7416
3493 7416
3493 2133
7571 35
9538 3493
1427 9538
1427 1371
6135 35
6265 6135
1371 235
235 6509
6341 6509
6509 3341
3341 2518
1609 2518
1609 696
269 696
2358 269
269 3834
1333 3834
4630 1333
7822 4630
7822 4522
2901 4522
2901 8365
8365 6153
4723 6153
4723 6262
2901 2983
6262 9818
6153 6738
6734 6738
1208 6738
2961 1208
709 2961
709 2705
5329 2705
5739 709
5739 643
643 8664
8205 643
5739 4960
9805 8205
643 9267
9805 7956
8547 7956
7804 7956
2029 7804
7804 5342
5467 5342
9882 7956
9482 2029
5342 1576
1576 8651
8651 2623
2623 423
9643 423
9406 2623
9406 7229
7229 71
9406 3271
3271 9131
9131 6992
9131 7846
1248 7846
1248 9274
208 7846
5936 208
5936 7134
9889 5936
7134 4107
2574 9889
1236 7134
1071 1236
6501 1236
6501 6051
1236 8840
6501 1670
8840 7899
1670 7117
7117 7170
8840 4003
7117 9451
8717 9451
1653 8717
9850 9451
9850 1783
7131 1783
6691 7131
6691 508
508 6894
1405 6894
6894 8932
3606 8932
6894 5085
5085 6852
6894 8306
8306 980
990 8306
5986 990
980 4666
5495 4666
3376 5495
3894 3376
1471 3894
3575 3894
5656 3575
5656 8271
3572 5656
541 3572
8237 541
546 541
6617 546
4346 8237
6569 546
2588 6569
2174 2588
6078 2174
2859 6078
6078 8830
5368 2859
5368 7549
7549 2514
6078 5029
2514 625
1152 625
5875 1152
1152 6753
2378 6753
2378 7070
5306 7070
7058 5306
4078 7070
7340 4078
7340 6897
4078 7563
7563 4841
5247 7563
5247 1169
5247 666
7340 1812
973 1812
973 4076
4076 7323
5571 7323
5571 554
4198 4076
4198 3732
3732 3278
3732 8886
8886 631
3309 3278
3604 3309
3604 7437
6301 7437
7290 7437
3604 5846
6273 5846
2393 6273
4923 2393
7398 6273
7398 2885
2271 2885
9917 2271
3072 7398
5129 3072
3072 6590
6221 6590
9017 6590
7185 9017
7185 3670
3670 7122
7122 7576
9017 2956
2956 8023
6140 8023
6140 1359
7428 1359
6902 6140
7593 1359
2506 7593
1985 2506
1985 6571
7341 6571
7341 522
4311 522
6342 4311
9846 522
2813 9846
2813 2141
6342 1994
2813 1651
1994 2828
9920 1651
6342 7710
2136 7710
1994 6442
6442 9736
9693 9736
9736 7724
2561 7724
7724 9397
2561 5666
9247 5666
5653 9247
2000 9247
8542 2000
2000 5033
5033 7968
2211 5033
8 2211
8 6981
8188 6981
8188 6869
6869 1182
8 2713
2713 4154
4154 6178
6178 4697
1182 6858
4697 2499
2499 8449
1113 2499
2499 1692
1692 7896
1121 1113
9232 1121
7896 8993
9232 4454
7746 4454
9520 7746
9520 8028
7746 4910
9520 4609
4609 4428
770 4428
4428 9994
9994 8963
4902 4609
4902 7363
4902 953
8963 5312
4199 5312
3121 4199
9556 4199
3121 1929
3121 9857
6250 1929
6250 2348
1929 8679
8679 9216
8679 2726
4924 2726
4924 3265
5090 3265
1321 5090
3654 1321
1992 5090
3654 7377
9974 7377
8647 9974
1439 7377
1439 367
1439 425
2533 425
9599 2533
425 3803
9599 9880
5267 9880
3748 5267
3748 1955
9599 4482
4482 2312
4482 852
1955 1480
3216 1480
5684 1480
8233 1480
8233 7794
8233 4783
4783 6909
4783 1842
212 1842
212 3031
4343 1842
9441 3031
9441 721
5511 9441
7662 212
6638 7662
7662 7777
3109 7662
2968 6638
2968 2143
2143 9912
2143 2020
9912 4316
2020 5535
5535 9871
4330 9871
4330 2231
4330 5128
5128 5485
5128 401
401 2916
401 8162
504 2916
1454 504
2814 504
2814 2456
2456 9848
2814 9176
9176 4036
4036 4850
9176 8164
8164 4281
8164 9626
8909 9626
9626 243
243 9504
243 3057
9504 4023
3057 6931
6931 9583
9583 9800
94 4023
4219 94
9583 9577
4219 55
4437 9577
7512 94
7512 9896
7512 3323
3323 5468
1620 5468
1447 9577
1447 4020
4020 4823
9302 1620
9347 4823
5553 9347
9347 5871
6311 5871
6311 1167
4597 9347
1167 1250
6311 1051
1051 6483
2161 6483
237 2161
6483 2611
237 9013
2611 1136
5610 1136
951 2161
951 8557
236 8557
5610 2466
3179 5610
7991 3179
2466 1061
7991 7911
9410 1061
2281 7911
2281 4863
1061 8735
8735 1977
784 8735
4863 7213
7213 3960
4239 7213
7887 3960
784 2966
7887 4128
8358 4128
8358 7889
4977 7889
3538 4239
430 8358
6593 3538
6593 4162
2559 4162
2559 9015
9015 7062
8518 7062
6850 7062
3213 4162
6735 3213
6693 6735
6693 8415
6693 7606
8415 3035
3035 9656
3035 8182
8635 9656
4182 8182
4182 6468
4629 6468
6468 1820
3204 1820
1820 6086
3204 1377
9666 6086
6419 1377
3920 6419
8712 3920
8712 8203
3920 8107
8712 7973
3825 7973
3825 152
493 3825
2019 493
5288 2019
5288 6874
6874 5867
6302 6874
4173 5867
9153 6302
9153 1824
1824 5072
3885 1824
3885 4141
4294 4141
6290 4294
443 6290
2488 6290
5250 2488
2488 2290
5250 3262
6323 3262
8957 3262
8957 8531
3081 8531
1502 3081
3081 9782
1502 2486
403 9782
4831 403
718 4831
1397 718
9387 1397
2837 1397
568 2837
568 8670
2228 2837
2228 2410
2410 9465
2228 6949
5172 6949
8483 6949
409 5172
556 5172
8483 244
9399 244
3678 244
3678 1491
1491 8116
5780 3678
5780 4368
5780 804
4368 498
804 536
536 9071
7555 9071
9071 416
7555 9764
5092 9764
5130 5092
5130 7997
3394 5130
3394 5278
1736 5278
3394 5211
9310 5211
3037 5211
5067 3037
1068 5067
9310 6938
1189 1068
1189 3247
2755 3247
1484 3247
1484 6344
2523 1484
2523 6841
4828 2523
4828 8914
8914 4377
4377 351
4828 7906
4828 2580
3030 7906
9604 4377
3030 5374
5374 4698
4698 5916
1880 7906
8852 1880
5159 8852
5159 8439
8439 4529
8982 4529
2939 8982
3336 2939
2939 9977
4285 3336
2939 8096
1124 8096
2596 8096
80 2596
7449 80
2159 7449
2159 6141
80 125
3725 80
1030 3725
1030 4959
4959 2431
4583 3725
3205 4583
538 4583
2207 538
6062 538
2284 3205
8649 2284
9422 8649
9422 4769
8649 5849
5849 8505
2284 9637
8505 1478
8505 3517
1478 867
867 8514
9128 3517
126 867
2549 9128
3411 9128
4170 2549
3266 3411
2549 5937
126 5869
5869 1184
6024 5937
6024 7823
1184 1978
1912 1184
5869 327
327 5158
327 6592
6592 9470
5158 7111
327 7983
7111 9733
8645 9733
4518 9733
2176 4518
9001 7983
9001 3903
6321 9001
6321 8707
6321 6030
6030 3151
6030 5264
5016 8707
3151 7969
5462 5264
5462 877
877 7980
877 1926
7969 1027
9550 1926
759 877
9550 6452
9766 759
6452 44
9550 6637
5295 6637
5295 4102
5295 5638
5295 7632
7494 4102
6719 7632
8221 7494
3643 7494
6907 3643
8690 3643
9369 8690
9369 5956
5956 5484
9104 8690
7856 5956
8510 7856
9686 8510
8309 7856
8510 1773
519 8309
4886 1773
4886 8503
4886 3653
9638 3653
9638 8565
7500 8565
6205 8565
6205 2268
6205 5602
1840 5602
5602 7189
5210 7189
5210 7860
2812 9638
436 2812
7860 6413
5210 3326
3326 1358
5953 6413
436 5877
5953 4768
4768 1023
1023 6679
1023 6555
1797 6679
872 1797
6679 3530
2326 3530
2326 2805
2326 9990
7287 9990
9990 8128
5920 9990
5920 9918
5920 5131
5920 7680
2288 5131
7680 5192
2288 4229
6430 4229
4399 6430
4399 2887
7399 2887
4726 7399
4726 3640
7399 7388
4726 5514
6421 7388
9166 6421
4930 6421
9050 9166
9050 6402
7763 6402
9297 7388
7202 6402
321 9297
7202 857
321 347
321 9748
321 9016
8907 9016
347 496
9016 7728
7728 7424
456 7728
1967 7424
1967 3647
7538 7424
7424 3661
2364 1967
4860 2364
7538 663
4860 9229
6156 663
9164 9229
9229 610
3399 9164
3315 3399
3315 3883
2359 3315
2359 6568
5165 610
1680 3883
5165 995
5605 995
5103 5605
5103 4077
9689 4077
9689 206
3781 206
5605 5513
4634 5513
4634 1367
4436 1367
1305 206
4634 1673
8856 1673
6332 1305
6332 870
1673 9801
9801 5521
5205 9801
218 5205
218 7773
7773 113
7056 5205
7056 6131
1348 113
1348 7559
5357 5521
898 1348
1348 2877
5991 1348
5991 3663
5357 2715
3395 5991
5991 9054
909 2715
5475 2715
3663 4034
3897 5475
5979 4034
5979 1096
7834 1096
5979 1408
8499 1408
5570 7834
8499 384
384 1775
384 6991
931 1775
384 5958
9588 8499
9588 2256
7585 931
2256 2191
2474 9588
2191 1357
9453 2191
8367 1357
9453 2762
1951 2474
6886 8367
89 1951
6886 614
5608 89
1951 4819
9226 89
4819 3432
4661 3432
8336 3432
5608 7536
4819 9316
8301 9316
5770 8336
5444 8301
5444 7246
5444 8061
1690 8061
5444 5941
7246 3742
6500 5941
6500 1166
1166 2754
2699 2754
2699 5923
4699 2699
6500 5222
5222 5195
4158 5195
4158 2417
7327 4699
7511 4158
8005 5195
8005 6784
7327 3788
180 8005
6707 180
965 6707
180 7540
965 1657
1657 5806
9596 5806
7108 9596
9596 2513
2513 1522
5178 1522
2967 7540
5879 7108
7540 3626
2967 6543
6633 3626
1013 6543
4447 1013
6408 5879
274 6408
282 274
4447 6118
6118 7522
7522 8356
8356 5685
7543 7522
4855 7543
1897 4855
67 1013
4992 67
1674 4992
580 1674
4992 2216
580 8923
4952 8923
4952 1678
5961 4952
1674 4148
4148 7801
8923 969
7801 5113
7188 4952
7188 6706
6706 3790
3790 3050
8832 3050
3157 3790
8753 8832
9440 3157
388 8753
8053 9440
8053 9812
9812 7282
9812 972
9812 205
9029 205
2863 205
2863 3467
3467 5499
3467 6737
8111 6737
3694 6737
3694 5944
5499 6928
1031 5944
9029 7837
299 7837
8722 299
7582 8722
7582 1778
299 6966
299 2751
775 2751
775 4384
7837 4901
4901 9951
6244 9951
3591 4901
5474 1778
1843 5474
1843 5508
6709 5474
9480 1843
6709 8818
5037 1843
6745 6709
4766 5037
9011 4766
9011 1624
7526 9011
7526 3287
3287 7689
7082 7689
7689 4954
8441 1624
7082 7884
4954 7288
8441 5762
5762 8706
7288 5533
8441 1422
5533 5280
5280 6762
8706 3087
3087 5863
5280 4625
9793 6762
4625 5409
5280 6868
7501 6868
4891 7501
6868 742
4891 566
435 7501
7623 566
7623 3560
3560 1616
1616 6544
2109 6544
2109 2389
6544 7099
2389 154
2109 5665
3560 5554
7099 8245
154 3731
6544 5394
8245 4817
5665 2992
422 2992
1681 2992
7262 2992
5394 7050
9719 422
2604 9719
2604 7064
7064 8829
977 7064
7614 977
5632 977
2992 8902
4043 5632
9605 4043
1814 977
2077 1814
4702 5632
1814 1214
1214 2795
5186 2077
2422 4702
2422 9284
2077 7160
9284 9897
2153 2422
2333 2153
2153 6358
7284 2333
3400 2333
1126 3400
2333 5101
5101 6182
3366 5101
7284 1332
9707 1126
5771 1126
7825 5771
1035 5771
5771 2664
7825 6324
6324 374
6324 3408
3408 5622
5622 9756
6333 9756
6333 5190
6333 8097
8097 7254
1057 5622
4888 7254
8097 123
9926 123
7254 3988
3988 8013
8487 9926
7376 8013
5163 8013
3988 6148
6469 5163
8678 6469
6469 8883
2262 9926
8883 5225
5225 9809
5225 3034
1888 5225
3034 7546
7546 7100
111 7546
7100 8485
111 8337
8485 7038
4265 7100
2735 7038
8337 6206
9685 1888
6206 1025
8729 1025
6206 9946
9946 2037
5392 2037
6206 9378
9378 8140
9378 1009
7964 8140
1009 4509
122 7964
1245 1009
1245 9355
9355 591
9710 591
1481 122
4509 174
1860 9710
1006 1481
174 2644
1006 8554
2644 3787
9710 9602
3787 6860
3380 9602
3380 6502
1215 3380
3380 2517
3787 1606
176 1606
4654 176
2517 606
2276 176
9301 176
7238 4654
5736 9301
4654 9831
3633 9831
3633 3299
3633 3497
9731 9831
3497 2987
6689 3497
4223 3633
3497 4157
9009 6689
9009 287
4157 2509
4157 7972
4223 5153
8747 2509
8747 4840
3616 5153
3786 3616
3616 9107
7972 5794
9107 6496
5054 5794
6136 5054
5054 8813
6496 5826
8813 930
9997 930
7894 9997
7894 5562
923 930
820 5562
930 1264
8095 930
8095 4097
4097 1916
4097 3879
1048 3879
1048 8688
6115 4097
6115 3509
9141 3509
3509 7661
7661 6188
8688 4798
3858 6115
9222 3858
7326 6188
2315 7661
3918 2315
6927 4798
6927 214
5239 6927
9222 3965
6927 6149
7534 3965
7534 5155
6149 1003
2124 7534
5239 1108
1108 9820
9147 9820
9820 3433
9820 8296
6887 9820
2668 1108
2548 6887
3433 2662
2662 9669
2548 7988
7988 996
5721 7988
2125 7988
7611 5721
1271 5721
7657 2125
7657 9051
7657 6105
2125 6614
6714 1271
3405 6714
1733 6614
743 3405
2811 1733
6139 2811
7067 2811
743 5862
7067 8423
2811 9570
1159 9570
6420 9570
7067 2160
4907 9570
1159 1
9570 860
4907 4372
561 4372
5261 860
2183 561
5182 561
964 5261
5261 3778
5284 964
3778 9276
7909 9276
9276 3730
8851 7909
8851 2613
5633 8851
8093 7909
6763 8093
6763 471
2675 8093
5365 2675
471 6423
2613 1180
8179 1180
6597 1180
6763 6683
1180 5804
6423 6360
2137 6597
6683 6825
6360 1823
5676 2137
5676 7797
2129 7797
7797 7805
6822 7805
9285 2129
6674 6822
7786 6674
7786 9228
7797 7088
5880 6674
7088 8788
6038 8788
3246 8788
8788 6046
5880 6635
9012 7088
2899 6046
9012 3847
3847 686
686 6621
2026 6635
2026 9674
9674 8969
9674 3152
2026 8827
8055 3152
8055 9879
9879 9068
9879 1862
1862 9916
9916 2103
7397 2103
9916 8433
8433 901
4685 901
1500 2103
1500 7256
2643 7397
2643 8888
5181 2643
1174 5181
822 4685
533 822
6971 533
7466 533
3967 533
4010 6971
6957 4010
7920 4010
9044 7920
1170 9044
2879 4010
1170 385
385 4787
9306 1170
4787 9461
9461 5189
9584 9461
5189 103
9642 103
4801 9642
4801 1770
2775 4801
4004 1770
4391 2775
1770 6619
4004 4069
7943 4069
7943 1561
4069 7324
2788 1561
2788 8088
3804 8088
1621 3804
7395 3804
999 7395
3118 8088
7395 3707
3187 3118
8652 3804
7627 8652
3187 6377
1142 7627
8652 2297
2297 8631
6404 8631
2297 842
1720 1142
1765 1720
5858 842
1765 1237
1751 5858
8374 1720
1237 9099
6510 5858
6510 12
451 6510
6369 451
2676 6369
7488 1765
7488 6564
6564 700
6789 700
7443 2676
7488 8445
7778 700
8833 7778
252 8833
6246 8833
5906 8445
3363 6246
6466 5906
2052 5906
5906 6913
5443 6913
4303 2052
4999 5906
6249 4999
5906 5268
6249 1026
6249 4772
5443 3710
8634 4303
3710 4965
7394 4965
7394 9265
8228 1026
4965 1331
9678 9265
1331 3926
1331 9640
9640 2922
9640 6023
5984 6023
6023 6143
6143 4680
5984 4881
4881 5010
4680 5939
5010 4408
4881 6855
6143 241
241 6005
3235 6005
3235 2101
2101 3103
3235 7553
6096 241
3103 6015
2858 6015
6015 2465
1084 6015
7426 1084
2723 2858
7791 2723
7283 2101
7426 6116
8019 7283
6053 8019
1084 8537
6116 6405
8537 5387
9468 8019
7211 9468
69 9468
69 5140
5140 3329
8936 3329
3329 4946
4946 102
3017 8936
3017 6739
8666 8936
8921 3017
7231 8921
2430 7231
5740 7231
102 620
5081 5740
7578 620
3017 6697
5859 3017
1162 5859
732 7578
620 4354
1162 5646
4354 5809
5646 4063
4063 7159
9434 4354
4063 6823
582 4063
4701 582
6823 155
155 8243
8243 5366
7276 8243
9785 7276
9785 7539
7815 7539
8243 265
9434 2445
9819 2445
3052 9819
7815 4655
9095 265
9991 9095
3052 9436
4500 9991
8555 9436
4500 2427
2597 2427
8915 8555
228 2597
2597 9641
5840 228
2427 3946
4601 5840
5840 469
3125 469
3125 5775
7702 3125
5775 9529
4833 9529
9205 4833
7373 9205
3298 5775
5175 3298
5228 4833
6828 5175
6965 5228
7208 5175
5175 3855
5228 5212
6965 9163
5212 298
298 5982
5982 2244
4404 2244
8987 2244
4404 2524
1721 2524
1721 2322
1508 2322
2524 294
1721 3708
4042 2322
2524 9040
1508 4119
1508 2254
9040 3282
9040 6926
4119 3016
1320 3016
3016 1207
3414 1207
1320 2577
5098 3414
8801 5098
1583 8801
5098 1638
1638 1649
1649 210
1649 106
210 957
2530 106
8477 2530
1652 957
2530 8956
7573 8956
106 3416
1652 1781
3416 9439
303 8956
5546 1781
303 2414
7938 9439
1781 1050
7938 8639
5779 1050
303 9
5779 5034
1050 6318
4139 9
9 7297
4545 7297
8639 3621
4545 7073
30 7073
1415 7297
4545 3700
6708 1415
8347 3621
8347 5539
1396 5779
1396 7958
8347 8081
6708 4332
4941 5539
7958 8398
4430 3700
4184 8398
4430 9960
1449 9960
1449 6821
7235 1449
6821 6914
6914 3994
3181 3994
4842 3181
6914 830
6682 830
830 3702
830 9616
8130 830
6682 6512
101 6512
7660 8130
7735 7660
9828 8130
8512 7735
9616 1768
8002 8512
8002 1560
7600 8002
7600 9660
6751 9828
9660 7545
7600 6076
8512 557
4724 6076
6076 6386
6386 4401
6793 6386
8861 4724
7570 6386
6386 7537
7537 5059
2371 7570
5059 8576
8576 8502
2371 946
946 5327
919 5327
8364 5059
8406 8576
919 9665
8406 622
946 476
919 7775
7775 6457
6312 8502
6312 2917
9002 6312
1302 6312
4247 6312
9102 2917
6312 562
308 562
3989 308
4247 7551
7551 5466
5466 6906
5466 1435
1786 6906
6906 4269
1786 4483
1941 4483
1941 3023
595 3023
4956 1941
5630 4956
6065 595
7556 1435
2023 5630
2023 650
7615 650
7615 3659
3659 9094
1786 6084
6768 6084
3840 3659
3840 5698
2373 3840
2373 2104
5698 3927
4532 6768
3927 1165
8705 9094
4532 2214
1165 4559
3281 4559
1904 8705
2214 6643
2563 6643
2563 6425
6425 8985
7816 8985
7816 7406
6643 9603
6373 8985
7055 6373
3221 7055
3221 1028
4367 1028
7055 5040
644 5040
644 3948
3948 1972
5040 2330
8432 3948
4367 7149
5611 1972
2750 5611
2750 7433
378 7433
378 3878
1732 3878
378 854
7433 1564
2803 7433
2803 5118
8069 1564
4302 1564
2803 6934
6017 6934
6747 6017
7313 6934
4302 2576
6747 9238
7567 9238
8452 7567
8396 7313
5796 7313
5952 9238
5019 5952
7696 5952
5952 2457
7567 563
2457 5039
5039 8508
8452 6862
6862 978
8167 978
8167 5214
5041 5214
6181 5214
6181 4006
4006 7232
5737 7232
3110 5737
9900 3110
8086 9900
5796 690
8086 7664
5737 2849
2849 8303
37 8303
5990 37
8447 5990
3683 5990
7232 1877
3507 690
7760 1877
1175 7760
1366 1175
2233 3507
903 7760
2233 4263
1664 1366
1664 5628
3237 5628
903 2831
4263 4567
2831 3962
5628 4434
3962 6256
1457 6256
6071 1457
9426 4434
8413 6071
816 4567
816 4412
8376 9426
3785 9426
9426 376
2758 376
2758 8769
7197 376
376 2227
720 3785
8253 7197
2758 6174
376 7130
6375 7130
7130 2195
9404 7130
9348 9404
9348 1147
4885 1147
4885 5888
5202 5888
7205 9348
2642 5888
5202 2740
2740 2152
3644 2152
3451 3644
5798 3451
3644 4094
5798 6059
974 6059
9292 974
9292 4009
3573 974
3573 8436
825 3573
825 4763
4763 2698
9022 9292
9022 1285
6049 3573
4398 825
2698 4257
994 8436
5343 4398
5343 2645
4398 6521
654 994
654 9700
9312 9700
6330 2645
6330 2123
5689 5343
3552 2123
9119 9312
6415 3552
4760 3552
3552 3932
2123 4457
4457 9965
9965 6844
6415 5332
9607 9965
6844 4968
6733 4968
5332 7448
4053 3932
6844 4669
8784 4053
1574 4669
4053 1011
7458 8784
5949 1574
5949 5080
5080 3224
5349 3224
7083 8784
7083 8701
5349 5711
8701 1365
1326 5711
1365 8787
1326 604
9564 1365
604 2980
1038 9564
1038 9533
9533 9870
5830 9870
9870 3712
4426 1038
4426 7651
3712 2494
3712 5540
5540 7749
8593 2494
3891 7749
7541 7651
5810 7749
4516 5810
8094 5810
4029 7541
4393 4029
4393 1347
5245 4393
9248 4516
2044 9248
283 4516
5950 4029
6626 5950
8804 5950
3619 4393
8804 7652
7080 7541
5950 6103
4716 7080
3619 4490
739 8804
6103 809
5957 809
739 8112
1431 7080
1431 8524
5844 5957
5844 2550
809 9233
8868 9233
680 1431
680 7032
680 1873
680 2972
2972 8773
5432 8773
4065 8773
5432 8144
680 4146
5432 1489
8144 2921
1489 4358
4358 1418
7914 1489
8430 4358
8144 1590
2921 2946
2299 1590
4341 2921
1590 6842
1420 4341
1420 1871
2946 6513
6513 623
7865 623
1446 623
706 1871
1420 2258
2258 5733
623 1866
1866 2316
1866 3806
3806 1185
706 9537
6656 1185
1185 8038
8553 6656
19 3806
8553 6177
8553 632
9495 19
8366 9495
2366 9495
6744 19
5358 632
5358 5975
2590 6744
5726 9495
5726 6740
2590 1693
5726 4421
6740 2759
6740 2874
1693 2154
2590 3197
8085 5975
8085 4450
7808 2874
452 8085
4153 8085
4153 3971
2590 4297
4297 2529
3971 3665
8792 3665
452 1836
8671 3971
1836 7338
1836 2843
9646 8671
9646 1345
1345 1419
1419 4515
2273 1419
4616 8792
2273 4660
2273 7879
4660 9663
7965 9663
3091 9663
2350 7965
2350 5883
5883 7286
7286 6946
7286 1509
6946 514
7286 9075
7286 3584
6946 8809
8117 8809
3584 661
514 2255
1494 661
8269 1494
6255 3584
6255 5082
1494 9287
9655 9287
9655 9872
4008 9872
8809 2749
2749 6281
1557 8269
2186 1557
4920 9872
2186 1886
4920 4880
2186 2589
1557 5199
2186 7320
2589 9949
9949 2902
2850 7320
2850 3745
8662 2850
2749 7241
7320 9996
7975 9996
9799 7975
9799 8897
238 7320
9799 8491
3145 7975
5473 238
5595 2850
5595 4700
4700 6498
6498 7356
6498 7031
3145 1095
1095 8739
1095 4057
238 1171
4533 7356
4533 8475
2065 4533
7579 4533
3599 8475
1171 3095
3599 774
3143 1171
3095 8768
9652 3143
689 9652
6550 8768
5224 9652
6550 2630
5224 1441
5224 9508
9652 7747
5224 8983
1441 3231
3231 7826
7826 3236
7817 7826
2609 7817
3236 6602
9320 6602
9320 8842
6602 4190
4190 6066
9360 8842
9360 4104
7877 6066
7933 4190
3 3231
1625 6066
5355 4104
2156 4104
7014 4104
2156 5471
4274 5471
4274 905
1625 2954
1548 4274
5471 9967
8849 2954
8849 1719
8849 483
5471 6967
6726 1719
9967 1242
1242 2240
2240 9608
9664 2240
9664 8964
5524 2240
6726 3130
8964 490
5524 7566
649 5524
6908 7566
9967 8305
8964 6675
8305 7639
3822 7639
1795 649
6675 7109
5558 6675
6124 8305
7566 9535
9535 8646
8646 3080
9448 3080
3808 3080
9448 5254
5254 2869
2792 9448
5254 4370
4370 6422
6681 3080
4085 6422
8855 6422
6422 1757
8566 4085
8566 8165
5411 4085
5411 1161
78 2869
78 413
1700 413
3535 8566
3535 6936
3535 9993
7505 3535
9993 3441
7226 1700
7226 5510
5510 8672
3441 1177
1177 5788
8530 1177
1251 8672
1251 7967
7967 1407
1745 7967
8369 1407
7951 5788
1745 9429
8672 8044
8044 8225
3917 1251
8225 6090
7036 8044
7036 567
6090 9927
8748 7036
581 567
6113 581
6511 581
7036 4903
6511 7842
7842 2601
2601 1296
9018 7842
2601 3985
9018 7351
9959 3985
3169 6511
807 9927
807 8819
769 807
9988 7351
769 3430
3430 2994
2635 769
3430 432
4996 432
9988 2599
8819 1172
5117 1172
1172 6340
432 5720
316 5720
6948 1172
316 7006
7006 9501
316 1552
6930 1552
1552 2947
2617 2947
2947 2618
7681 2618
6930 6705
6705 6381
7006 5980
2617 8610
2617 7140
9724 5980
7140 6495
3870 2618
9271 5980
6495 7019
7019 2989
3870 989
989 8693
8693 7869
6495 3428
7869 1123
3428 5053
7869 8941
547 1123
1123 1413
9160 1413
2421 1413
6349 1413
8941 9254
9254 5324
9474 5324
6518 9254
6615 9254
6518 2275
1939 1413
1421 9474
6348 1421
1421 5341
1708 9474
1118 1421
6615 4926
2093 1118
2696 4926
2696 7126
2696 7699
7699 5345
3419 2275
8198 7126
2976 8198
3739 3419
3739 5255
4095 2976
5345 279
5255 7796
279 7858
7796 7779
5613 8198
5255 1807
5528 7779
5528 6729
6729 4525
3356 1807
7858 6132
5528 379
2455 379
6729 9774
6132 5578
9774 1191
7737 9774
7737 9156
4237 9774
4237 380
3131 380
4237 7974
4237 2991
380 8115
890 2991
8032 9156
8115 3902
8115 5356
5356 4694
3902 723
1386 5356
3138 8032
8169 723
3902 4395
3138 8950
3138 8719
3966 8719
3966 3801
1386 7023
5359 3966
723 3974
723 4556
7929 4556
3974 3308
7929 2032
1566 3308
7023 8873
3138 6427
6022 8873
1566 95
9505 7023
6022 3047
95 9632
8371 3047
8371 6228
6228 5382
7608 8371
5919 7608
7515 5382
7685 6228
9632 8546
4179 8546
7603 7685
3047 7871
7949 7871
7603 3462
3462 495
2857 7949
495 5639
4179 3490
7459 3462
7161 7459
6786 5639
6973 7459
4179 5854
6786 130
6972 130
3810 5854
130 7450
7944 6972
8484 6973
7944 2444
8484 8102
7450 936
936 2467
9567 8102
936 172
8037 8102
2444 8192
6397 936
6397 7868
8037 3391
7868 4200
8037 9907
3120 9907
9907 9085
8229 936
9308 3391
9931 172
9931 2949
3120 4591
6481 8192
3391 1192
9085 3122
6516 3122
2720 6481
6481 2985
9203 6481
8137 2985
3436 8137
9330 3436
9670 2720
3293 2985
3293 9352
9352 6773
6773 109
8385 9203
8059 6773
8059 5363
9352 3196
5861 3293
5861 1179
3196 9754
1179 8527
8527 307
9754 6002
307 5243
3749 8527
6002 9975
7620 9754
6002 7305
8527 9234
2144 5243
2425 7305
9430 2425
9430 2777
8078 9430
2777 8777
2144 1158
6133 8078
9361 3749
9361 9853
1934 7620
9361 9407
9853 1697
1934 5659
1934 5147
5659 9609
5659 2479
6014 2479
7248 9609
7164 1697
7164 9561
8394 7248
8213 8394
7633 9561
7712 8213
7633 1846
1846 5575
9077 9561
5659 8859
1231 8859
1230 7712
4973 1231
4973 5687
5687 1145
1231 934
9083 934
1145 6685
6494 9083
934 5517
1453 6685
395 1453
3480 1453
934 9129
395 5294
3480 9438
4649 3480
9438 1798
3480 7893
1798 5136
7252 7893
7893 8774
1303 1798
9038 1303
7252 8375
1506 8774
1506 8797
8797 4982
9038 6974
6974 7250
7250 2602
2757 2602
6394 4982
4083 2757
8523 4083
8939 2602
7250 3755
7040 8939
4617 8939
9154 4617
2602 7861
9154 4047
7861 5028
7184 9154
5028 4222
7861 2547
2547 9746
2354 9746
9746 2392
4068 7184
3685 2392
1545 2392
3542 9154
2890 3542
4493 7184
8210 4068
2847 2890
9777 2847
2392 6380
8210 3972
4493 7153
9193 3972
596 9193
3439 3972
596 9337
8700 9193
9074 9193
2692 4493
8328 2890
9074 7590
9337 9781
5322 9074
5322 7495
3097 5322
9531 7495
7495 6345
3097 3662
7590 8259
1933 2692
6216 3097
8259 3511
6216 1401
392 1401
1931 6216
4026 1401
2790 4026
6829 1933
4026 4318
4912 6829
9249 6829
1938 9249
3546 1938
1186 4318
3546 7962
1763 8259
1938 5894
3752 4912
9249 7927
3752 4651
5894 9619
7962 5461
6986 9619
398 7927
628 398
5461 8601
8263 8601
9459 6986
9459 7581
3789 9459
7581 6900
1969 9459
4127 1969
4651 7513
3789 3058
9492 1969
2458 6900
5180 7513
1210 2458
3851 9492
6766 3752
2453 1210
9492 7881
5509 7881
5509 2932
7881 2139
7472 2139
7881 1910
6766 9457
7748 1910
2527 7472
4131 7748
4869 4131
9157 4131
1910 9573
4869 8696
9021 2527
9573 4607
9251 4607
9021 814
9615 814
1527 4607
2920 7748
1467 9615
4607 8789
9761 4607
9761 9734
1235 9761
6839 9734
5185 8789
9761 5786
2933 5786
9761 1393
8794 9734
6804 2933
2056 1393
2933 8220
1201 2527
8794 5454
8517 1201
1201 3384
2933 3779
8517 6659
5599 5454
6804 2867
3779 3358
5811 5599
3384 6636
5811 3342
4287 5599
1628 3342
4677 4287
3772 1628
3772 5686
8685 5686
3772 1319
8685 7517
3772 2169
6603 1319
5686 3537
1368 4677
4677 5946
7599 6603
3537 8492
8278 5946
5125 8492
6622 8492
7452 8492
1368 3263
7452 5440
6603 8540
2897 5440
3263 1942
1942 2404
2404 6209
1066 6209
6209 1090
7743 8540
1090 3830
3830 7727
3823 6209
8106 1090
4394 3823
8106 2571
1942 4813
7727 4014
4394 1122
4394 5773
2940 1122
8882 4813
4813 22
4217 2404
4813 2076
2076 8940
2940 3404
3404 3006
2562 8940
6578 4217
8311 6578
6711 22
5308 3404
8311 7493
7493 8416
3805 6711
9729 7493
9729 2248
4648 2248
8416 3589
2248 150
5837 2248
150 2168
150 288
2168 2540
7722 2540
288 4136
288 3067
2670 2168
4648 8805
4136 5168
1704 3067
3977 8805
2111 1704
6282 2111
2542 1704
2542 9346
2111 4790
4790 7793
2616 2542
7793 365
2616 3628
7793 2209
2209 9892
4790 6871
8170 9892
2209 1899
1899 7065
5391 6282
9346 1817
1608 5391
7065 7745
5177 7745
9716 7793
9716 7496
5070 5391
5989 5070
9716 9173
8756 5989
1608 3937
4484 7496
341 4484
4484 7547
987 341
9765 5070
2478 987
8756 9327
7547 4357
5289 987
6940 2478
5289 6781
6639 6781
9342 6940
4876 6940
2772 6940
2772 171
6175 4876
6940 915
6175 6031
6639 1715
523 1715
8525 1715
9342 5945
5945 9728
8525 2054
5945 1313
1523 9728
8230 2054
8230 5236
2659 1313
8230 229
1313 5351
5351 77
6996 5351
2659 1589
6950 1589
630 6996
630 4527
630 7026
77 6335
6950 6530
4539 6530
1928 4539
7026 9541
630 4586
4585 1928
1928 9324
4553 9324
608 9324
4553 7961
5663 7961
4531 5663
2370 7961
77 6445
5663 7806
4732 2370
6445 2391
1281 2391
7806 9178
2391 1363
9178 289
3642 1281
7525 6445
1755 9178
8326 1755
9170 8326
6336 4732
6232 6336
5541 6336
7917 9170
5541 6771
6771 4413
6771 6055
5541 8197
3355 6771
5221 8197
3555 5541
3070 6771
6055 2375
1033 3070
3070 6400
3355 3119
673 5221
3119 2066
673 4435
3119 1538
2066 7332
4435 9864
7332 9540
9540 6731
673 5561
6134 5561
4537 4435
673 8074
4537 4562
9698 4435
9698 188
2626 4562
1618 188
2626 8084
5141 1618
8084 2215
5141 6567
4588 8084
5881 2215
5375 4588
2639 1618
8091 6567
6567 9789
4940 5375
6367 4562
9948 4940
6459 9948
1722 6459
1722 4109
7454 4109
3872 4109
791 1722
791 4721
6755 3872
6755 7037
6459 3094
3639 6755
3064 3872
2882 3064
7289 3094
3876 3639
7289 5232
5232 815
6383 5232
5232 3518
6485 3064
3518 306
199 3064
526 3518
4592 6383
7137 526
815 9354
3361 9354
9354 993
526 1761
4592 6725
7224 7137
1725 7224
993 6279
6279 9851
3361 8159
952 8159
3361 3230
952 2833
4250 8159
4250 7516
6279 8879
8879 528
528 4967
7516 473
3259 473
5743 3259
3259 8460
8460 6769
3259 5954
4232 8460
3510 528
6769 5997
2782 952
1735 4232
261 5997
6769 9705
9705 342
528 5626
5582 5626
261 5248
7348 1735
7339 1735
2782 805
5582 5598
3949 7339
5582 1819
1819 4326
1819 3060
3060 9986
2700 5598
9383 4326
8008 1819
7348 5962
2700 4067
4792 9383
8132 5962
145 5962
7075 4792
7075 9753
8442 9986
7694 145
8442 8153
8779 7694
1440 8153
1440 3388
4858 8779
7694 5696
1443 4858
4858 5813
1443 5970
5145 8442
5061 5145
8153 6447
5061 4600
8955 4600
5093 1443
5813 8368
9272 5145
4204 8955
52 5696
225 5696
52 3249
9272 499
5921 499
6570 3249
607 9272
8131 607
5921 2945
8659 2945
4858 1739
6353 499
3249 4540
1702 8368
4540 131
949 8659
5567 8659
4540 4521
131 65
5413 131
6287 1739
65 8329
4021 65
1662 5413
2264 4021
2264 6359
6797 6359
9554 6359
5618 4521
268 5618
2264 9701
5618 4492
9701 1553
4519 4492
9701 5169
9701 2012
1553 7850
268 5644
1847 4492
9214 1847
1847 6824
8262 6824
2012 7618
8262 1099
4492 5966
7461 5966
2566 2012
3055 1099
1847 9437
5966 2071
5655 2566
2071 5207
3055 1593
8615 1099
8615 9359
1094 1593
1094 6701
6701 8486
8486 5731
9786 6701
8486 9629
1094 2963
9629 7609
3744 2963
1737 2963
9118 1099
4548 7609
9786 885
5968 3744
885 1570
500 5968
5968 3387
5968 6146
3174 1570
8925 6146
545 3174
9612 545
545 7862
7862 5208
500 5269
426 5208
9612 8166
9431 9612
9431 3371
6866 5208
426 1279
1279 7445
751 9431
3371 201
8166 4049
5042 4049
3371 4288
7506 4288
5042 7
4288 1633
3059 5042
3059 678
3059 7598
2082 1633
7598 2484
3059 9739
6722 9739
2100 9739
1633 7698
1387 3059
7698 6033
9314 7698
4226 1387
8202 6722
9739 1202
1202 7520
1387 8076
2475 1202
7520 3353
1372 8076
2475 9135
9135 3458
9135 6278
9135 3144
3144 9796
6815 1372
9796 7216
8781 3458
3563 8781
3563 7782
2677 8781
5005 2677
7575 3563
7575 1037
2677 4839
1037 8727
8393 8727
5832 2677
93 1037
1135 93
4976 93
1135 2704
2765 93
9552 2765
5832 3841
9821 1135
2765 414
2704 2085
9053 4976
5408 2085
414 4298
9058 4298
5408 7888
3841 8608
3600 7888
8608 9073
3600 6352
2583 4298
9624 2583
5996 2583
7849 6352
3402 8608
9073 7034
3402 7916
250 2583
7820 250
2583 9519
250 5673
9519 9059
7595 9059
6959 3402
5673 234
6959 2114
2114 5896
2114 2384
2384 3364
1304 2384
1304 865
2384 831
3402 4636
2766 2114
2384 7384
865 2929
7384 1077
888 1077
4543 7384
4636 6761
6761 9424
1193 9424
9424 795
4636 8063
6164 795
888 2707
8063 3011
7053 6164
2363 795
7761 2363
7761 5419
2707 1849
3907 1849
2707 7788
3907 6980
5542 3907
6980 2345
1849 4075
5565 4075
2338 3907
738 2338
7839 5542
738 755
5419 8874
755 290
3073 7839
1913 7839
8534 290
8556 8534
7636 8556
9067 738
9939 7636
361 290
9653 1913
8556 8174
361 5688
209 1913
209 1957
9653 3422
3422 6068
9323 5688
5688 3625
7966 6068
9351 1957
9323 8628
7473 6068
8903 9351
7966 8027
8903 4577
7963 7473
4577 4254
9944 4254
6200 4254
8665 9944
3349 8665
6200 5447
9944 3884
6670 8027
2958 6670
2958 2808
2958 5537
5537 6242
6799 6242
8846 6670
363 5537
8877 6799
6670 1661
6700 2808
1036 1661
6357 8877
6295 1036
6799 8625
8877 9048
7523 6357
3716 6700
3716 837
2063 7523
682 837
682 7613
7613 1979
7523 9088
682 1058
8381 1979
1058 3776
5701 1979
5701 7751
6331 5701
7918 9088
9182 1058
7523 9969
3794 7918
9182 8864
3794 8613
5701 5488
7625 8613
659 9969
8073 8864
7491 5488
8890 5701
7491 9807
8073 9688
8506 9688
8506 1112
8864 1438
9885 7491
6870 9885
5534 9688
7491 7486
9776 7486
2234 1438
8506 4135
4715 7486
8864 4572
4572 9936
2569 4572
3898 9776
4171 4572
5534 6010
3898 5154
918 7486
4572 3124
3124 7230
5154 5702
2658 918
8835 4171
2234 904
178 904
9866 5702
1417 904
8835 9380
7048 1417
904 1540
3675 8835
7990 1540
1577 7048
1540 8318
8318 4808
178 711
5702 3455
178 4361
4361 3024
4708 3024
5694 3024
3024 6306
711 613
7910 6306
7910 4921
6808 1577
7910 4879
7910 8674
4879 7061
4161 5694
7910 4309
3233 7061
7061 9472
4708 516
6355 6808
2861 516
4309 6183
4709 2861
9279 7061
8029 6355
516 3096
3096 3141
5489 6355
2095 5489
6798 6183
9472 8854
1385 8854
1385 512
5489 5084
512 9548
8571 9548
4310 512
5489 4333
4722 4333
612 4722
8571 6944
5084 9115
6334 1385
9779 6944
1535 9779
2301 5489
8312 1535
8880 9779
9183 6334
8935 9779
6334 710
8312 3502
6201 1535
9837 8935
7279 9837
2691 8935
1209 7279
7279 4579
710 8020
2691 7242
1596 7279
8312 2308
571 1596
7878 2691
7878 1683
9768 7878
7878 669
6448 7242
7129 9768
669 2910
9768 6257
7129 7700
6257 9694
8979 6257
8979 9025
669 3316
9025 4245
4245 6982
4245 5397
5434 5397
9025 1353
5397 6698
6698 3598
6698 4487
6271 3598
6561 6271
433 6561
8538 6257
6561 1092
985 1353
985 7177
8538 6640
4487 6219
337 985
5015 337
6219 1835
6219 7838
9122 337
5015 3512
9808 7838
337 3767
442 9808
442 7562
3512 6285
6285 3201
9201 3767
442 4181
442 219
9201 4938
9788 4938
9788 5482
442 273
442 2560
4938 62
219 5265
5482 577
5265 1567
442 9143
577 8721
647 8721
7531 1567
6534 8721
6534 1684
8721 4506
3381 1684
6534 4414
7531 5052
2594 7531
2835 5052
862 3381
5052 3622
5052 6899
6827 2594
2594 1082
7467 6827
4414 4070
3622 2282
9890 4070
2282 1299
862 6632
6632 8657
8386 1299
8657 9830
9830 8569
2282 8592
4449 2282
191 8569
1381 1299
8569 9264
1591 191
9264 1039
8592 9497
1591 2415
1879 2415
9497 945
9557 945
9052 945
2572 1381
1879 8461
9895 9052
945 57
2572 2319
1383 9557
1381 6208
660 1383
8461 6439
1750 2319
2088 57
179 660
5049 179
4371 5049
6208 1504
1383 8495
5110 8495
2088 13
3956 13
8495 5166
1937 5166
3479 8495
5532 8495
5532 6092
4427 5532
4427 1731
1731 8767
5110 9343
9553 9343
8767 4836
9546 9343
3294 1937
9546 962
3479 602
9620 9546
4319 602
6218 602
9136 9343
3294 2060
6218 5056
5056 3486
9620 8434
2017 5056
777 2017
3741 2017
777 3285
3741 3995
7008 2060
7008 4991
3996 3285
2060 372
5496 8434
1229 372
5457 777
5457 9020
5457 7863
3285 3906
3906 5981
4231 5457
1229 6473
1774 3996
3285 7705
2717 6473
7863 5793
9311 3906
4211 9311
9311 6650
1774 6563
5981 8894
5671 6563
3906 7984
6403 8894
5793 4740
9817 6403
7705 3250
7984 4986
4740 7234
7234 4433
317 4433
6403 9582
317 9568
9568 6190
8984 4433
8498 9311
3250 3188
8761 8498
3043 4433
3250 4074
6190 535
853 4433
893 8498
4499 535
6847 3043
6847 8052
7995 4499
5077 8984
3188 6924
6924 5126
5383 5077
5126 758
8676 8052
5126 5260
8384 7995
758 4945
8676 8435
8435 3168
4945 813
9867 8435
3084 6847
9867 5410
5410 5406
4945 6163
3084 8390
5531 6163
6933 8390
4945 9394
4380 8390
5406 6573
6573 3092
1490 8390
922 4380
7907 1490
6167 1490
922 3318
9576 3318
4467 3318
6892 3092
21 4467
3853 21
2640 4467
2640 242
3492 21
3492 2164
2640 6129
2164 6846
8947 6846
21 5384
4035 3492
8947 3934
780 5384
4761 4035
7371 4761
780 350
5853 7371
3934 3199
7641 7371
4035 4448
7371 6095
6095 4117
4000 5384
6910 4117
3886 5853
2802 6095
4627 3886
1632 3886
6095 648
350 1551
780 1049
148 1049
3975 3886
2625 648
9290 3886
3975 381
4111 2625
1632 1434
1434 86
8472 9290
3481 1434
2481 1434
86 424
121 424
1434 4662
121 897
8472 9093
2376 897
4160 2376
897 5415
3928 5415
2163 8472
2376 5848
9823 897
1953 2163
8288 9823
5648 8288
4160 7697
2163 2545
2163 7396
1953 1626
7396 1743
7451 7396
5415 9675
1953 4267
1743 5262
4267 9725
9725 1364
4301 9725
5262 6816
578 5262
9155 1364
1098 4301
1619 1098
6816 9922
7451 1749
8791 1364
4441 6816
9922 5326
9814 4441
4301 3945
7145 5326
1074 9814
4913 9814
8791 5316
3945 8638
6816 6451
9006 6451
5746 8638
8948 5316
5911 5316
4913 3821
1342 3821
8948 6077
6077 6646
1342 1267
6077 400
8948 1998
5746 1423
1423 5075
1423 4770
1998 841
5075 955
5075 6851
4381 955
8219 4381
2564 8219
1270 4381
8219 2010
1726 2564
84 2010
84 6300
6300 2860
1726 6942
2402 6300
6300 954
6300 1867
6736 6300
6942 3961
2001 2402
6962 954
6736 1075
6962 36
36 599
7945 1867
1900 954
2402 8959
7945 4218
1075 4431
5672 1900
36 7807
7807 1146
5672 5988
8120 5988
5452 1146
8944 5988
8977 8944
1995 8977
4580 8977
6835 4580
4580 2930
5339 8977
7147 8944
1995 584
5035 5339
7372 1995
7807 1373
1373 1876
7372 1645
7421 1645
584 4595
5452 9158
1876 5738
1645 6309
1876 698
6835 1779
7693 5738
6801 6309
3022 6801
3000 7147
6591 3000
833 7693
979 6801
6591 8333
833 7864
6517 3022
1598 6591
305 1598
7669 1598
7669 8389
1598 8901
2839 8389
7503 2839
2856 6517
6074 8389
6074 2500
3500 7503
7503 8763
3264 6074
4501 3264
1935 8763
7295 2856
3027 2500
7295 3009
6147 1935
4511 3009
3470 1935
3485 7295
2257 3470
4501 6854
4511 2871
1125 3500
1125 8507
1125 5833
1760 5833
1125 4897
1945 2871
3009 5783
1125 6805
3566 1945
6470 3566
6470 280
280 4496
3627 280
6470 4044
2461 4897
280 4557
7503 5179
2461 3782
4214 4044
4557 1746
4044 3833
6678 4214
2461 3688
5367 6678
466 4214
4557 5283
5282 3782
1584 3688
466 8401
5282 714
2388 714
2388 3284
6759 3284
3630 2388
6759 1473
369 1584
369 1414
3627 59
4557 4887
59 2147
369 4064
1584 3698
6067 714
8281 4064
6067 6694
7667 59
3284 4327
4327 1822
1610 8281
2913 3698
6694 2
4064 7245
1822 2340
1610 5654
6694 8464
7172 4064
5536 4887
4970 5654
2 98
5536 3105
4970 8782
8782 9726
8244 8464
2490 8244
8244 1988
2490 6497
3105 2203
8895 7245
881 5536
7771 2203
1754 8895
8633 7771
8736 2203
129 2490
7015 881
3893 2203
1101 7015
902 1754
881 8021
1754 7561
902 6289
1432 98
7987 7561
1984 1432
2243 1984
9937 1984
7987 6443
3692 6289
8650 7015
2243 7440
6443 4964
7440 7892
1277 6443
9677 3692
1984 5271
517 5271
4964 5573
2151 9677
5870 5271
2320 7892
6539 5573
6795 9677
2151 7476
6215 6539
5870 8620
517 2188
6289 8001
5870 4773
8001 8480
2188 1999
6795 9357
4366 9357
8001 6576
9357 7542
9357 5498
9357 8422
8934 6539
8934 1816
4460 8422
7207 4460
7079 6576
9393 1816
737 7079
4460 8841
1999 9291
2526 1816
9393 474
2437 474
9291 9630
2437 800
800 5045
4460 4746
320 5498
474 2832
6310 474
5045 85
5138 2832
85 4546
7950 8841
3320 2832
6756 3320
6756 8795
8795 9883
2832 7298
937 7950
3320 9137
9137 1395
9137 1627
7953 9137
1395 7447
1627 9490
1627 8066
8066 2674
1395 7271
9490 1106
6644 1106
5138 3429
1569 1106
3429 3753
6826 3429
1569 8049
8049 839
8049 2541
839 4742
3195 8049
839 3677
3503 839
4742 1718
3503 497
4742 1246
2993 839
1246 49
2295 3677
839 7030
3429 4452
4416 4452
839 4727
3981 3503
4416 487
9795 487
4416 1990
4416 8466
2651 8466
8466 4388
9878 4416
9878 2239
5617 49
1278 5617
1278 4919
7269 3981
1278 6867
7370 6867
7774 1278
9795 7565
7774 8580
9325 6867
8284 7370
1278 1617
9140 9325
9140 7514
6275 8580
429 9140
1617 7344
7344 7434
4919 697
9057 7434
9057 2418
5624 9057
5624 9007
2418 7875
2418 1963
5812 7875
9007 9985
5624 3791
6275 5007
3791 5370
3791 3868
1944 3868
5007 8994
7750 2418
6454 9007
6454 5691
7637 8994
9278 6454
1944 6717
6717 4788
4788 6471
6471 4090
5007 5725
6471 4270
6717 8201
3162 4090
5781 6471
9294 3162
947 8201
4470 7637
947 3498
3990 947
6057 4470
6471 3191
3004 4788
4788 5918
1492 3004
3004 2447
8904 947
8171 9294
4221 8171
8605 4221
8605 7251
5918 9921
8623 7251
3314 7251
7438 3314
8605 3290
7315 8623
4943 7315
4862 8171
8623 454
3088 7251
3447 7315
3191 6079
454 6686
6686 1734
5843 6686
5843 2202
2914 5843
6667 1734
846 6667
6686 7630
846 3634
7630 5776
7469 6686
7739 3634
7469 1856
3880 2202
3880 4455
4455 2905
6918 2905
6173 4455
616 6667
846 7081
4455 4244
270 4244
6173 7028
4244 5614
5614 8995
5614 3645
7081 5422
3645 3117
1141 5422
3117 4066
9134 1141
4347 616
4066 7379
8504 4347
8261 9134
8515 1141
8515 579
5146 8261
1541 3117
579 7220
3813 579
1541 40
8090 9134
5051 1541
7220 2150
1086 8090
5146 9530
8865 2150
9530 2770
2770 164
7851 8090
4865 7851
2770 7994
7604 164
6506 7604
7604 4714
9042 4714
5302 2770
5104 164
5302 6741
2770 2043
5104 1138
9042 9108
7602 6741
7602 9262
9262 4950
7602 3351
2043 811
895 3351
4676 895
1311 2770
4676 3650
5715 1311
8865 7217
8470 5715
5715 8677
4676 4638
7217 1519
3650 2988
4676 5465
8677 5661
7217 6089
1519 5123
6089 744
4614 1519
744 8187
4614 6785
7676 6785
6390 5715
537 7676
8187 1362
3689 7676
708 537
744 3900
708 8596
1362 6280
3227 6390
8511 744
781 708
4156 781
2079 4156
4614 1833
781 7181
6433 6280
8596 3193
2314 3900
8511 5589
8612 6390
6433 5674
2838 3227
8612 8798
5674 8482
3170 2838
3696 5674
1249 3696
8798 9791
1908 8612
5307 8482
9791 2666
7490 1908
3397 9791
3696 7648
3170 7835
7648 9613
3397 1493
1249 5717
9791 4121
8776 4121
1908 5097
5097 5555
20 5555
3547 7648
5097 319
3547 3147
7319 3147
2311 7319
3477 1493
3477 9109
3477 589
3477 6446
9003 589
20 9171
319 4681
733 1249
9171 4576
589 1958
4576 1503
3324 4576
9003 5285
6952 3324
9402 5285
6574 3324
26 9109
6574 4385
8928 4385
1322 1503
6574 998
26 7752
3795 8928
1322 7960
7752 9398
5407 7752
3795 928
2003 928
3352 998
1759 3352
4385 2329
2329 8047
2003 6875
6961 1759
7755 2003
6875 9298
2329 5769
3153 7755
7930 7755
3153 4334
2329 5507
3153 9742
6961 5977
4334 6551
7731 4334
5769 729
7731 6039
7010 6551
5782 729
6123 7731
6039 9802
6123 3592
6417 6875
2477 7930
9802 9914
5782 2343
6417 3243
9827 9914
9914 2935
2935 4568
4568 17
2787 2935
7954 5977
7071 9802
1727 2343
6125 1727
5782 3360
1592 3360
7071 7921
7921 8454
7071 2908
8454 3180
63 7071
8199 3180
3180 7723
3180 3333
7954 2783
3180 4640
3333 2962
4640 943
4640 2581
4491 943
2962 3909
4491 5087
943 8548
8114 5087
8548 7569
3909 3331
4690 8114
8114 4249
2581 6366
6366 1741
5087 2165
1741 1012
177 1012
4056 177
4491 2062
4249 254
5381 1012
1012 956
3673 3331
2106 177
254 5149
2106 8302
326 2062
357 3673
1222 357
7654 357
1741 1893
4249 9277
2165 7465
9127 254
9277 1785
1785 9743
9743 6791
1222 4512
3673 9004
6791 9391
1197 6791
6791 181
7002 9391
7002 1268
8287 181
5695 7002
492 181
1197 6054
8287 6003
6054 68
457 6003
5132 5695
68 8014
9743 707
4475 707
532 7654
5544 7465
1268 8298
4120 8298
5850 492
457 2443
1349 4120
8808 8298
2443 1218
5132 4969
492 8031
6058 2443
124 1349
6461 1349
5311 6058
6003 2688
5969 6058
3159 8031
2688 4422
1349 6044
5311 9116
6044 8758
3159 5055
8751 5055
124 3289
8108 8808
8751 9947
8758 1132
4866 3289
4866 997
1132 3525
2274 5055
3533 9947
1996 2274
1996 2045
2688 634
3525 9374
1143 1132
1143 2525
4106 9374
1143 6843
6843 1668
8577 2045
4106 6016
8577 3849
9209 6016
3684 634
5096 3684
29 9209
3955 5096
5096 161
253 161
3849 3161
8577 3693
7653 29
3693 6041
29 873
6004 7653
6041 1643
2086 29
7785 253
1117 7785
2086 3007
9512 1643
5744 7785
9512 5791
3161 764
3007 6754
2086 8344
5472 5791
253 5287
8344 1777
8344 2355
3007 5777
2355 1587
230 1117
5287 5857
7922 230
1558 5791
5777 3426
9929 1777
3887 5857
1695 7922
5857 6663
1695 9172
7785 925
9435 9929
5593 925
4988 9172
1695 9386
6231 4988
4988 114
6231 3021
114 4933
785 4933
4933 2117
785 9714
9714 8126
5593 9908
1080 785
9714 3211
9484 9386
4933 8208
8208 1799
8126 3410
3066 8208
8126 5649
3410 8588
2278 1080
785 2167
8588 6767
8588 7790
7790 838
7261 1080
5754 2167
5754 1573
1573 8082
9601 8082
3362 3410
8082 3544
9072 9601
4554 9601
4554 8092
2793 4554
6087 8092
8092 1238
5206 6087
838 1544
3666 5206
5898 1238
2923 9601
9447 1238
4554 5340
9072 5790
5790 9034
5206 6441
4225 9447
3258 5206
3158 1544
9450 3158
6441 1340
9699 2923
9162 2793
1340 1290
9447 1115
2981 3158
9162 2681
4524 6441
9644 4524
4002 9644
3158 848
859 9644
6431 4002
9798 4524
9699 3267
1007 859
9806 9162
3267 2149
2981 3727
8214 1007
2149 858
2327 8214
4524 1168
9288 1168
3015 2327
9288 2632
5350 2632
2149 3658
9806 6988
2982 6988
2881 3015
6861 2632
4751 6861
6988 5497
2149 9542
9542 2716
4402 4751
2289 4402
2289 6198
5497 3283
9829 2289
8532 9829
8532 1920
2774 3283
9829 2508
5831 2716
1920 9813
2774 3565
5831 3434
1920 778
8692 3434
2508 605
8532 4138
5831 5023
3565 6197
6226 4138
6393 6226
8532 2225
2225 9169
2225 963
963 2595
6456 3434
6624 2595
2595 360
360 5109
6456 5827
5827 8918
3941 6624
5827 7222
4289 7222
4392 4289
4289 64
6385 360
6165 6624
6165 5494
135 4289
5201 3941
8762 5201
2747 6385
2747 9671
4364 9671
2041 7222
1767 3941
4364 1986
5935 135
5109 7999
4963 2041
1655 8762
5828 2041
5828 3033
3935 1655
5828 1055
5935 3421
5895 1055
5895 8589
9697 7999
9611 1655
9611 1412
4963 5699
8762 3515
5699 3051
4473 3051
4963 1864
4052 3051
4473 1605
3136 4473
3136 1533
1533 8606
5699 1604
5604 1864
5251 4052
3515 8913
8913 4971
8675 1604
5604 7423
7423 8528
8606 6896
7423 6491
565 8528
565 1392
2041 3108
3033 2050
3108 6947
1093 1533
3108 8521
6939 2050
1923 6896
2050 6554
1392 7194
1575 1923
6939 1894
8521 891
1894 3499
3499 6953
2872 3499
5064 7194
1392 1239
6953 8025
3499 9446
7977 2872
8521 5112
7645 1093
2872 3212
2181 5112
3499 6406
6879 2181
668 1239
6879 2485
3460 9446
2528 891
2485 9727
9941 668
3454 2485
3454 9587
9941 4125
3567 4125
9587 9909
9909 3938
4125 7832
2528 7509
3938 6194
6194 3637
652 9587
5331 7509
8953 3938
3460 5304
5331 2678
9856 6194
3365 9856
5890 5331
9856 8293
5890 8359
2208 8359
5455 2208
2483 8953
2208 291
8395 5890
2208 353
2483 4091
4091 9481
9924 6194
8912 9924
353 7054
9566 291
4091 2539
4091 767
291 4032
9887 767
9481 276
8395 1133
2208 1505
1505 3046
276 9558
4547 2539
3365 4189
4653 7509
7919 4189
4653 677
222 677
9558 5275
9558 7374
9168 4189
156 222
8176 222
222 3139
3139 7353
156 9521
5275 4167
7374 7711
7711 2748
3139 1482
1980 1482
7616 4547
5275 5675
7897 1980
5321 5675
8465 7711
3775 7711
2748 7335
3775 4025
3775 1063
1482 1253
7711 6895
3775 7057
7057 8740
4564 8740
9418 7057
9418 7308
1063 5566
5066 5566
4167 5259
1063 6990
5259 9454
5066 4793
5066 6583
8012 7897
8463 6583
1063 8143
2965 8143
4202 4564
6583 1190
6389 6583
1555 4793
8012 8405
4202 5707
6990 7829
2965 3303
6389 2245
6999 2965
4793 6780
4202 4253
2646 8405
9046 2646
3327 2646
1190 4736
6780 404
6780 3939
9046 9081
4253 806
2804 806
2804 7736
5044 2804
7742 3939
1228 7736
9096 1228
2804 2424
4692 2424
4898 5707
1974 7742
2201 2424
4272 806
4272 4814
4814 6455
5133 4272
4272 3012
8771 4814
9027 4272
799 3012
8453 2201
8453 5142
1389 5133
1382 5133
9027 2694
1382 2796
9204 5142
4272 8501
4507 8501
8501 1062
2694 9304
5640 9304
5071 9304
1973 5071
1409 1973
5142 70
4259 2694
7385 8501
1062 593
406 1409
3890 593
105 406
70 6884
6743 5640
6743 4777
9717 406
1973 8847
7410 8847
7410 5948
7410 5713
7016 105
7410 9901
976 8847
3459 593
4169 5640
4169 8399
6743 6172
9950 8399
6884 2512
7874 3459
1153 9950
7874 6956
8399 5476
5713 4909
4909 8636
7874 6372
8399 4178
7358 5476
7358 9575
8155 8636
6372 4054
8155 8200
2013 4178
3468 8155
9966 3468
1103 8155
8622 3468
1103 722
8155 1424
5476 4379
4379 9606
1424 6836
9257 1424
5752 6836
45 9966
45 9865
5752 9625
292 9257
3943 8622
3564 9625
45 1601
9865 9432
6836 7157
1424 7306
6444 3564
9432 1150
9423 4379
6085 6444
3437 9423
7709 9423
1150 2510
9363 7709
9423 397
3437 9816
2180 2510
9952 7157
9432 2652
168 2652
3736 2652
168 6364
9159 397
6225 9159
2180 4656
5276 9159
9934 9363
9934 5797
4423 168
397 7529
9934 9413
9934 5470
3993 9413
5629 4423
3993 2753
3268 2753
3993 933
933 2221
5797 2293
8825 2221
5797 2098
3268 5490
8041 2098
8825 9524
8796 5490
9524 3655
9524 2450
5841 8825
9489 5490
3655 7776
5376 3268
61 8796
6849 2450
3655 6881
4425 6881
3773 4425
6849 7852
4425 6297
6849 8970
2011 7776
3657 2011
7772 8970
8146 5376
61 8775
8970 7895
5376 5196
7772 2411
572 7895
9268 2411
9080 5196
6720 9080
9080 7311
8970 7020
2347 8146
8041 4337
7913 2347
61 7905
5299 8825
6061 7905
8348 7913
3202 4337
6426 3202
7020 9199
7644 7905
7270 6426
6911 7311
7644 3010
6061 6155
2781 7905
2781 7343
9456 3010
6426 3557
134 3557
3557 6169
5299 9623
41 6169
41 7811
3557 6462
8778 7811
9623 7952
8617 7952
6699 7343
42 9623
639 6169
42 2318
41 3071
3557 912
3930 8617
3930 8926
2318 3954
8597 8926
8597 14
4315 8597
6600 14
5592 3954
4315 8310
5257 8617
7104 9623
9623 9223
9623 1694
9223 2927
2516 8310
1568 6600
2185 9223
1568 5293
5293 8604
7212 7104
2516 6620
6620 8621
7941 6620
7946 7941
5257 2323
2323 5728
2323 9179
2323 2883
2883 6122
8621 5829
7212 3784
6075 5728
9179 2538
8604 1639
2538 5549
5549 6723
2538 486
7803 6122
6122 1669
5999 7803
7533 5999
6723 1766
5549 8040
5907 5549
3002 5907
5999 3089
8040 7992
7867 6723
4874 5999
4874 6436
851 1766
4874 4605
9989 7867
6436 8255
4605 4624
9989 9368
9368 8048
6075 1599
2008 4624
4605 3579
1634 3579
9989 8488
328 5907
3579 8072
2008 2118
5079 2118
2222 1599
8848 328
1730 2118
1520 3579
1496 1520
1496 7400
1520 1705
5458 3579
1705 684
7400 1821
2134 1821
9749 1496
2134 4365
5333 1821
9449 5333
5538 1821
328 1709
8917 1730
8917 5872
7193 1709
1709 2337
9449 6718
146 9449
5538 6538
5872 5934
2697 5333
1705 5864
5864 1456
5759 2697
4707 5864
1456 5344
5759 5057
5864 8408
5344 7199
7199 1116
3354 6538
1456 8559
1456 4194
1116 8591
9578 6718
8591 4071
9861 4194
4194 1891
5855 8559
5344 667
1891 4725
3389 4707
7199 9976
7003 667
7263 4707
6607 8559
9861 1546
9976 6787
7263 7891
5428 667
8892 6787
7891 6608
7891 4587
6305 7891
6607 982
982 8157
2351 5428
7580 9976
617 982
982 1402
7891 2463
9181 2463
2463 4995
4995 8733
4313 2463
2332 2463
2708 9181
6304 2708
6029 6304
4241 4995
4313 4667
4241 5143
6434 8733
4241 6102
5364 6102
8733 636
2145 2332
1612 6029
4241 8737
5364 7612
2266 1612
6434 7253
7253 3577
8737 3866
8733 7210
8737 2934
3577 2224
8656 7253
5557 2266
1612 110
7210 6142
761 6142
4355 7210
4027 761
5557 1203
4355 9117
1203 8299
8299 5218
9117 2033
8299 6546
110 1287
6546 1665
2033 3413
4570 8299
8017 2033
5218 4560
2809 4570
2033 4637
5334 2809
3367 3577
7993 3367
5197 4637
1791 5197
5108 2224
6788 1791
1791 9953
5390 6788
8738 5197
4637 4957
6788 942
9408 5390
4957 9838
9408 6234
5651 8738
6830 6788
8738 9590
8035 942
7044 5390
5197 1097
4456 6830
5838 1791
6234 9244
7044 5650
8035 7179
9309 7179
2303 1097
7179 7971
2303 1297
7971 8173
2116 9953
7757 2303
5506 8035
2116 5150
7971 4264
8035 2213
8173 1351
8370 2303
9590 2372
4671 4264
5111 5150
7757 9076
4687 1351
2213 1600
5157 9076
5670 7757
5774 1600
1297 2039
6099 2039
9517 2039
7146 9517
8370 2848
1495 2039
3449 1495
9517 1804
6099 5909
5774 4743
3561 1495
4743 1089
5909 6283
1065 3561
6283 1416
2848 6630
1495 4797
2097 1416
6606 1416
1374 2097
4797 3680
5418 3680
2039 6486
5418 196
2848 7589
7707 1374
1310 4797
6283 3867
2200 7589
286 1310
7589 9680
7589 9843
2200 7908
1114 3867
3867 9723
1114 2610
5240 2610
1374 1679
2610 4864
5240 4059
1114 9631
4864 9405
9680 9152
7572 9152
5924 9405
1776 9152
1021 9152
7572 5148
1021 9797
4864 8536
6794 1776
5148 6196
6794 4196
3156 9152
548 1776
3762 4196
4196 8212
6196 8839
9747 9843
6196 8222
6196 716
9797 5585
3496 8222
5585 5379
3496 8016
6186 716
9862 8222
4386 8016
9747 1676
4234 6186
4234 1510
1510 90
6922 5379
9862 6160
90 5912
4386 1687
4123 5912
338 5912
5487 4234
1687 8105
1398 8105
5572 4123
5600 8105
5600 8323
7882 1510
2259 3156
6238 6160
6238 6525
1376 5572
9375 6525
7882 6877
9375 4108
5099 4108
9491 5600
5912 446
7066 5099
787 9491
8980 9491
8980 2400
6021 8323
2487 6877
6021 4180
8134 2487
2487 8158
3850 8134
6238 3738
6856 8980
2400 9509
3203 6856
9509 1259
7303 8980
10 6856
3850 6026
5716 10
5732 6026
7303 7278
9902 9509
1838 6877
8232 1838
1318 5732
7303 7880
1216 1318
7880 5173
1838 9225
5732 3521
9062 8232
4378 1318
7463 1216
8232 5993
5993 2629
600 5993
4378 9572
2629 9815
2489 9815
9815 7665
9855 9225
600 9401
9401 6458
7463 3312
8709 9401
9401 7484
6458 7097
7665 8567
6582 9062
1269 7097
8567 4055
9855 8451
5765 1269
8451 983
524 8451
4175 983
7463 2551
2405 524
4175 2412
4389 7097
983 6203
8451 8600
8600 4984
9978 8600
9978 5756
4984 797
6547 9978
9978 8584
1607 797
524 2434
1607 2776
8584 8308
6294 797
1607 4688
4984 9935
2498 8308
4688 6528
3440 6528
104 4688
7647 6528
7733 6294
1019 104
3440 8663
2776 8007
2555 104
7733 7429
2434 9681
2498 5405
2555 9198
2555 5266
8007 4317
9681 3728
5263 8007
464 4317
1565 464
662 8663
662 1265
1565 5313
4535 8007
2253 9681
4550 2253
651 4550
9681 8178
8178 9841
9841 627
5807 2253
8178 3053
3053 4935
4550 8050
8050 7362
627 960
5940 3053
7362 7518
3523 4935
5789 2253
6307 7518
5313 5718
5807 8163
1565 1014
8632 5789
2653 8163
5301 651
7588 1014
5301 1474
9105 7588
4314 1474
8151 4314
9138 8632
6184 9138
4314 6356
4635 1474
9105 8845
6184 9560
783 7588
9089 6356
8845 609
1164 8845
4639 8151
8845 277
9202 9560
277 5083
4639 9261
7934 8845
6229 9105
1308 9560
9379 7934
6229 9515
7978 9515
1308 6531
8342 7934
1308 3347
6531 3695
4464 7934
4639 9923
1394 9261
313 1394
4695 3347
4695 9477
9388 4695
3695 7890
7978 6958
9923 699
6958 3146
6958 6809
9544 3146
9763 4695
7890 8764
3146 1976
9544 6764
6764 7198
9197 4695
1602 7890
3392 9763
6963 8764
434 3392
6809 2584
1105 9477
6920 6809
6920 7902
2584 6995
7902 2132
9427 2132
2132 9757
1976 6772
9757 6170
9427 8826
217 6170
8826 7275
1327 7902
6170 128
2361 9427
9580 2584
128 6748
7596 1105
128 314
6748 1959
2361 153
6748 2055
2055 1800
7535 1959
7535 3539
2055 8991
153 2593
2593 1805
2593 5353
7596 4321
1805 8760
8760 7499
5834 4321
8418 9580
4321 1848
8418 9443
836 5834
1301 1805
5393 836
4115 4321
325 1301
7418 1848
9702 7418
9702 9899
5393 2040
4767 7499
2807 9702
2536 4767
836 8949
325 3636
6807 3636
2536 4786
2536 6596
5314 8949
9899 6655
4115 7024
3679 6807
6027 6655
7024 8654
3679 9283
7674 6807
2040 192
9487 3679
7674 9822
9702 3214
9452 9822
4504 8654
3275 4786
3214 1016
6392 1016
9487 3142
2667 9487
1016 6233
3275 7196
2807 3127
7446 3142
2536 8837
47 2667
47 8191
284 9452
9822 198
7446 4678
8034 7196
284 7532
7281 47
284 2238
3766 8034
7408 7281
8695 7532
7408 4290
7532 5645
9835 3766
7408 3947
419 3947
4290 6978
7857 3766
2628 4290
8560 2628
8770 3947
3947 3473
8695 6932
6806 9835
6006 2238
611 6006
8770 8234
4290 2728
2728 7900
664 8234
7857 5424
3082 7900
6955 5424
6955 8870
664 257
2480 8870
7007 6806
7007 8978
8978 4033
4165 8234
9703 6955
394 3473
2690 2480
257 2876
3699 9703
6006 6548
3699 4948
3123 2690
1716 3123
2876 9419
5704 6548
1716 7180
9419 9376
9376 4542
9286 9376
664 5657
1369 1716
4165 2442
1369 6677
5897 1369
8844 5704
8844 4582
7180 8067
8258 6548
5897 7671
8067 8694
3814 8694
4582 9834
2310 8694
2915 5657
6227 9834
5657 5623
1698 3699
6227 1261
6529 1698
8844 1149
1042 1149
6227 6840
9286 8724
1698 1131
6108 6529
1131 1059
2898 1042
6840 3379
3075 6840
1149 6388
2898 4329
8724 2383
3075 6247
6388 771
4542 1932
5078 6247
4072 8724
352 8724
3075 3550
5078 5621
6108 324
5609 324
750 3379
8992 5609
3550 5755
8976 750
8976 9858
8490 2898
771 3083
8490 7273
7273 4296
8490 8297
2898 5697
4082 4296
3083 4324
592 4082
9622 7273
4082 9518
1549 8490
1549 5371
8900 1549
3984 4324
592 2598
4082 1104
1104 4972
9622 4445
6976 4972
4445 266
1549 1087
9622 3101
3101 5219
8614 1549
1017 4324
5758 2598
4174 1087
9086 1017
1087 9574
8900 6180
6180 7156
7156 525
2170 525
7703 9086
7703 6523
4174 7380
7380 712
324 8853
6523 3063
7228 3101
7156 745
7703 5795
7643 2170
9510 6180
4914 745
7643 2172
7380 7457
7380 823
9711 823
7457 4843
4782 7457
4349 823
7703 2035
4349 7078
7078 7402
7643 143
1328 7402
7228 4133
8494 4133
5714 9510
143 4502
9259 8494
143 8945
8551 8945
7402 3385
3189 8945
3189 4811
4944 3385
4846 8551
9600 4944
3304 8945
3722 3385
4846 11
6199 4846
4811 3005
8933 6199
6779 4846
6779 5194
6199 1501
9341 5194
855 4811
6779 4058
3875 11
3875 3238
9341 9810
855 1240
1514 3238
1514 5249
6222 3238
6222 5026
9784 1514
9019 9259
1675 5249
1675 3983
1060 9019
3301 1240
505 4058
1240 4795
9760 505
9784 8473
8045 9784
8147 1675
3372 505
2977 8147
1479 9810
1293 1479
8045 1895
8473 7051
1293 6985
1479 8129
8683 1895
3448 8683
5164 8683
7393 3448
8343 9341
7393 9706
9706 5493
1195 3372
4375 1195
2977 6429
2108 1895
6905 6222
9706 8824
8824 2503
5246 2503
3276 5246
2503 1352
3614 7393
6429 1784
1784 7192
3614 309
7296 8824
309 8446
5873 8446
4018 3276
5802 3276
8446 2440
8175 7296
3032 4018
309 4019
2440 773
7998 8175
4019 427
6162 773
3032 9055
3484 427
1352 702
9184 3484
6329 3484
3484 9299
4018 5088
9869 5088
9767 9055
5501 9184
702 1262
5930 1262
3200 6329
8457 9706
3200 2999
7439 8457
9532 7439
5088 251
7219 8175
7219 4224
1091 8457
7219 6185
9299 9514
7577 9514
3332 7219
7301 3332
418 9514
6185 4775
1518 251
9514 1187
3332 4411
1518 6363
1187 2591
4775 1971
1518 4563
2591 8723
9396 1518
4775 2142
251 5227
2142 6634
4192 8457
8313 4411
8313 7845
7405 5227
6541 8723
641 7405
9280 4192
4192 5520
3838 9280
183 3838
9280 1232
1091 2075
1232 9919
7173 3838
4308 9919
1825 6541
5227 6384
2406 4308
1825 5677
5677 3446
8340 641
4079 3838
4738 6384
3273 5677
9610 3446
6541 4362
9522 4079
3273 2712
9610 4589
603 2712
4893 4589
2846 4079
2846 5552
4633 5552
7277 9522
9246 4079
9522 5235
4079 3472
583 3472
9246 7165
4362 796
5552 43
4322 43
7277 3842
4893 3774
4362 216
6158 2846
4691 216
8745 603
796 3254
3623 6158
3807 7165
8148 5235
3842 1834
2582 1834
2582 4818
8277 1834
3807 8810
1834 7168
5569 8277
5569 7508
5808 7508
4691 7717
8810 3065
5545 3065
2870 5808
8409 7508
6476 796
3446 4140
7717 1338
1338 5065
9195 8409
7277 1176
1338 4710
1176 2369
5545 8766
4710 4748
8409 107
4710 7628
6274 9195
5119 9195
458 5065
8216 107
8238 7628
8216 8196
5545 9875
5076 8238
5119 4187
9875 2084
3541 2084
5119 3471
5076 1350
8196 1925
1350 1054
2446 9875
3541 3713
4748 8139
9957 2870
521 1054
3541 247
3541 1656
4875 9875
4424 4875
1656 1872
9589 1656
7361 1656
1878 4875
3409 4424
8196 2317
3740 3409
2317 5438
3377 2317
3610 2317
247 8026
92 8026
3609 2317
92 1924
5486 3377
7361 9132
3740 5273
9132 6872
9132 8064
3959 92
4927 8064
3950 1924
87 6872
5486 8863
3719 9132
3869 8863
3719 9420
3835 8863
3534 9420
3719 2379
6527 2379
2379 3068
2504 2379
5815 2379
6872 9215
4911 8863
8831 5815
2504 295
9215 2721
9215 5347
5256 2721
4911 8321
5642 2721
2504 3764
8321 4201
4201 3040
4207 3040
3764 7093
2579 295
7093 260
6286 4201
7093 1956
260 8455
9403 8455
1380 6286
6929 9403
2579 2175
1292 6929
4451 1380
8871 9403
635 1956
4911 8704
8871 4339
4339 9227
7659 8321
4339 8322
7659 7650
1914 9227
5926 7650
1595 5926
7629 635
2907 7629
8224 4451
1595 6224
5226 8224
4451 1919
8138 7629
9150 7629
914 1914
5226 2911
5292 1919
4604 2911
8276 1919
5292 9065
2556 9065
6037 8224
9425 2911
8702 6037
2665 4604
8702 455
2665 4561
455 7022
2381 455
455 8250
1334 8250
8250 8438
2030 4604
2665 4438
2030 1517
455 6387
4390 2665
8687 4390
1452 4390
1947 4390
8438 4453
9534 1452
8351 1452
4038 2381
876 9534
444 6387
8276 7487
1517 7309
4827 2381
4038 4465
8351 9925
4827 1046
9925 4352
1046 940
940 7142
239 4827
940 8924
1788 9925
940 7330
7830 239
5978 7830
76 9425
3705 9925
4040 7330
7142 5681
76 9442
8924 4534
7330 1188
9925 4112
8772 4352
1410 8772
2491 1188
2286 1410
441 1788
441 3126
1188 1428
6775 76
1428 9661
3126 8223
1410 8033
2680 441
3931 2286
4015 9661
8780 4015
8033 1907
6775 7701
6220 1907
8033 9772
4015 9628
6450 6220
8181 6450
9772 4098
9758 6450
9772 6291
8476 9758
6450 8080
4446 9661
8181 8967
8080 3737
4514 9758
8080 281
8967 166
1696 281
1887 6775
3251 8080
3251 3321
3321 31
2491 9091
1839 3737
1839 3998
3321 1794
8967 3390
5734 8967
1696 6625
4271 1839
4258 6625
3251 4622
4622 6812
4514 447
5734 231
5734 7986
4622 1244
1022 4622
1993 1244
1787 231
2263 1993
3390 7300
231 9493
9547 447
9547 1335
1022 2944
6625 9332
3951 6812
9547 2429
1226 2429
1787 1991
9332 4353
1022 2771
9471 1991
1361 1335
447 8493
3671 9471
9547 8750
2654 3951
4417 2429
1056 4353
38 4417
38 4469
6845 1056
1056 6558
4647 1226
1056 2122
2429 463
2544 4353
2544 8911
463 9938
9938 1954
2122 5433
1056 2270
9273 463
5433 4118
8911 4406
264 9273
7132 1954
2377 264
9273 8291
8291 8607
8291 5135
5135 3240
5135 8640
2733 4118
5135 5792
8291 9142
9142 1521
6566 7132
9142 7706
7802 5792
6727 3240
5792 3793
2270 9417
1154 9417
7903 6727
9142 766
4159 8607
5792 6368
8640 3132
3132 5031
1154 2951
7802 6260
1154 6376
7237 6260
8412 3240
6376 2608
3368 8412
5768 8412
8382 2951
2038 5768
8412 3148
3368 9792
9500 5768
2004 3148
7325 5768
2004 765
2767 3148
766 7094
4578 2038
765 7089
2608 4750
9500 9237
5031 7738
9745 9417
9745 6489
9863 4750
4683 4750
7148 9863
4750 2709
9500 8426
3756 8426
4815 2767
2709 1247
4815 5437
7148 5423
2709 9502
790 8382
1515 8426
3194 4815
2709 741
790 8974
5115 1515
9502 9194
4351 8974
1515 8071
2502 4683
5398 9194
6379 1515
8478 5115
2912 5398
8974 3277
847 8974
1247 5817
6672 3277
9597 8478
9597 1943
3474 5817
4918 6672
6361 1943
6251 790
334 6672
5234 5115
3674 3474
5009 6251
8572 5009
8572 6817
9300 6251
3674 4689
4663 6251
3418 4689
5372 5115
6154 4663
9597 1355
5372 6240
6240 4584
4689 1667
6240 3322
4129 3322
1355 7127
8403 4129
3501 1355
3322 5297
9563 8403
2799 5009
5297 843
2622 5817
2622 6258
396 3501
5429 7127
5234 4292
5297 6018
396 719
9683 6251
9563 2823
6018 1982
2622 2428
843 5020
6018 6504
2619 5020
1982 4387
2633 2428
4387 7076
462 2633
8207 2619
9240 2619
9240 3173
3173 8331
871 5020
9149 8331
8624 6258
3164 871
8331 6998
8624 5529
9258 9149
3173 8815
8304 9149
3164 1464
1950 1464
9683 5011
3003 8304
3164 7133
5011 959
1464 1256
6239 959
1950 5927
1950 9145
9258 8437
8437 9565
9649 8437
3003 4892
7133 3464
9476 9565
9476 4642
1793 8437
6239 4359
4642 2637
2637 587
587 4238
793 4238
2661 2637
4985 793
6609 793
3464 8544
6609 5803
2661 6919
8317 5803
8317 1811
5529 410
8317 8354
1811 4611
615 4611
992 4359
615 2360
520 8354
6919 7821
624 8317
2036 410
2036 7768
410 3253
992 1425
6937 3253
899 992
7821 4844
1425 6
6937 8190
8152 2360
3279 899
7719 8190
754 3279
1811 5036
7828 5036
2360 4922
9803 7828
4017 5036
7143 7719
7143 2818
7821 3632
6204 7828
1425 7831
7143 6025
5478 9803
7116 6204
3632 3638
7143 82
7116 169
6 4344
9715 4344
2884 9715
2818 8812
1989 8812
169 6782
1989 9704
4286 9704
7047 4286
82 2356
1469 2356
3769 6782
484 7831
484 8264
6782 9231
9983 7047
7047 6245
6245 8930
8264 1707
8264 8710
2158 8930
4286 5043
8316 9231
4228 5043
6409 8710
4966 6409
2179 1469
9983 3417
6217 5043
3077 6409
2158 6432
3417 6263
4228 2334
6217 3531
6263 8062
6263 9475
8062 3346
9998 3531
3077 6916
6490 2179
7047 5231
5889 9998
3531 1837
6778 1837
1682 5231
6616 5231
6616 730
9998 1043
2061 730
2061 8811
8011 6616
1043 195
1043 3107
4565 2061
4565 1532
730 3798
6831 1043
8011 2296
5889 5577
6616 383
5889 3852
5463 5577
1532 3062
2296 9720
5463 4396
1532 5362
1276 9720
4867 730
1276 9771
5362 5929
4867 4632
4632 4641
730 8713
1837 4602
4396 349
3852 2022
1140 1682
4632 513
8160 4641
4641 6537
5402 2022
8681 5402
3585 9720
4900 3585
4900 9114
248 5402
2385 5402
1015 6537
1015 5012
938 3585
9859 1015
2895 8681
5170 2895
7359 4900
8160 5469
5170 6401
5170 8428
2895 2943
5469 1723
4503 5469
5469 8603
2786 5170
6401 3338
2346 2943
2346 8279
3338 2903
2346 6765
4890 5469
6765 9260
5481 6765
1497 1015
9260 3038
7784 1497
7784 6838
7787 7784
3585 4335
8319 5481
7784 701
8425 7787
8425 232
5481 5095
2403 701
2403 7411
232 468
1497 2851
8319 6210
1952 6210
232 8543
1952 2438
6210 9555
9260 3543
9146 3543
9146 9010
9010 3228
3452 6210
7809 232
549 9555
3423 549
4706 2851
4706 2128
549 7607
7809 8533
8543 4116
8533 8257
7607 3206
7770 3228
9516 7770
802 4706
7855 2128
7280 8533
5337 3423
8641 9555
8474 2128
344 8474
6001 468
344 8010
9516 7233
6721 3228
8474 1874
8350 802
6721 1045
7855 9328
8474 9236
4293 9236
4293 3150
3302 6721
10000 9328
5876 1874
5446 344
8260 9236
7233 6484
6484 8590
6484 9692
3339 4293
9328 7123
746 9236
3056 6484
5279 6484
7123 4048
8260 5030
5030 6790
1738 7123
4471 6484
5634 5030
1738 5885
6484 6834
5025 6834
3302 5643
2220 5643
4048 7299
8267 5025
9958 3056
9328 5548
2220 3425
2277 3425
2277 908
7121 908
5025 1111
5548 7267
5120 9958
6362 7267
7267 4193
4193 5004
7121 5904
4193 7084
1111 9506
9506 8353
4538 5025
1111 4658
4538 829
4538 4528
1528 8353
1528 9811
4658 2094
8820 2094
1611 5004
304 908
6042 4528
1717 829
6042 2285
5003 9811
1717 9842
4658 311
6144 304
5348 2220
2285 2047
8820 2546
8142 304
5348 4485
2285 6414
4124 6414
311 8300
1717 6303
6042 8697
6144 4172
1461 6303
5700 8697
4172 1586
8142 7926
6695 4124
7926 5747
8142 3335
4124 1129
3836 6695
1100 6695
6695 5576
5576 2568
2546 262
7926 1642
5576 3370
7365 2568
4299 5576
5346 262
8564 3370
407 8564
4299 2223
6137 8564
7365 1853
3620 5346
6661 4299
4005 1100
2166 3335
3601 6137
9752 4005
6137 2552
1905 3370
1796 5346
1796 726
2552 7407
9384 2166
3641 5346
2462 1905
4005 9860
460 7407
3641 621
621 1803
9349 1796
460 4718
9349 4696
9860 5191
6833 460
4718 358
9627 5191
7753 460
358 6428
358 7005
5216 9349
1829 7753
4718 1148
5216 7329
7005 4852
7329 5636
1829 1463
5636 9894
4696 5959
3570 5959
7996 3570
1845 3570
5724 9894
1323 5724
9894 6088
3601 4756
1845 3219
88 4852
7478 1845
7478 7432
3113 1323
3562 7432
3562 665
3562 4073
9894 8252
8252 6248
9634 8252
4110 7432
4073 142
8887 4756
8887 3768
5032 3768
8887 3453
5032 788
3443 4756
1375 3453
1375 2472
2083 3443
1375 3848
4110 2024
9894 2426
3768 6308
5385 3848
2341 4756
2426 4555
1883 4555
2501 1883
8938 2426
3562 8193
3554 4555
5963 3848
1375 5151
2472 3415
687 4555
1769 5963
861 5151
4041 4555
4949 861
6308 2067
8193 7135
8193 9662
4230 1769
8024 7135
7412 6308
2426 318
7412 5480
882 318
910 8024
1213 5480
910 594
7873 1213
4230 6653
4230 5171
207 7135
5480 2866
3415 2829
986 5480
1563 4230
986 3921
5560 3921
910 5766
2829 1885
7870 5171
3134 5766
7870 2099
6552 7870
2501 832
7634 5766
861 896
896 1391
6746 3134
832 1542
9024 896
5766 9433
8716 896
2236 1391
2236 5799
5766 4711
2829 4733
8145 5799
8716 1411
5556 3921
4733 1300
9024 4590
4942 5799
1542 6064
4765 832
1885 8471
1659 207
4590 5512
5556 4834
8471 3759
4765 6315
2018 4590
5556 7655
3759 5660
2018 5574
2206 5660
5574 5543
4028 4834
5660 9385
5512 8036
3759 9579
4942 1640
9579 5619
9358 5619
9358 2521
9385 6891
9385 2522
5619 740
1640 2729
5456 740
2729 1429
2842 2521
7568 2729
5456 2015
9648 2521
1622 8036
9648 9621
1622 7527
1691 7568
7568 9722
377 2015
1622 459
1550 2015
459 2482
1881 1622
740 75
4757 1881
9695 2842
1243 9621
9722 5987
3754 1243
5905 6891
9722 1064
1881 137
137 9329
2701 1064
377 8539
3780 137
8539 8562
5987 9876
137 2615
9235 2842
5905 3660
3660 5430
3660 1981
2007 1981
1064 2305
3780 7336
9235 7378
6011 7336
9876 4665
7378 4800
5430 6865
3506 7378
4331 2007
2305 1315
5430 544
810 544
8099 6011
1762 8099
1315 8814
3780 9411
9411 9527
6865 864
5451 864
5910 810
7730 9527
5910 817
864 1516
819 864
5451 3076
1536 1516
1536 2126
7221 2126
1536 4720
3569 3076
4826 3076
8183 819
4826 3229
263 8814
3594 3229
8183 4280
3569 4248
4826 6069
8708 4248
7041 4720
7041 8975
7955 4280
8183 4113
2395 4113
4113 9462
6223 8975
6223 5412
1815 8183
9762 7221
4248 3184
1815 6581
9955 1815
3569 5477
5477 6889
6100 2395
7955 1356
3330 4113
8943 1815
5477 8387
8075 5477
3594 7783
5662 7783
1399 8075
197 3184
6610 4113
3913 8387
7844 5662
8943 127
7844 1637
5662 6749
8380 7041
3964 8380
6412 6889
197 658
7312 1637
6645 7844
3905 6223
8380 3816
6889 2979
3816 4541
1346 3905
4541 9836
6627 6610
6645 259
2419 2979
259 2246
259 2261
2261 1295
5213 2261
9904 2261
8184 2419
8184 1458
7442 2261
3979 1637
1458 1511
6150 1295
6627 7471
3979 6107
7442 7386
7959 1511
6627 5500
4628 5213
4628 1571
8184 7976
8184 5492
2739 1458
2739 2821
679 6107
4934 7386
1511 4619
1571 5709
2335 2821
5709 2817
7673 679
1571 5094
2817 5504
1295 2955
1801 5094
5504 2081
633 2081
2820 5094
5094 3874
2820 8274
1211 7976
8274 5242
2821 8022
576 2335
6774 5242
4925 576
633 472
5242 6435
3818 5504
9219 472
9219 9296
5242 9915
4936 472
4925 9845
6684 9845
9845 3796
4936 9528
5852 6435
6435 7658
2328 7658
7658 3892
32 2328
5237 9915
5852 2567
7354 7658
4953 5237
7789 7354
3796 3580
3580 3457
5852 9392
32 7677
7677 1329
2779 5237
2567 2096
2779 6237
7656 9392
5388 3892
3445 2567
7631 3580
2779 3908
7795 3457
6070 7795
8954 7677
3908 3992
3892 8294
8294 7530
7677 1875
8294 2028
7621 7656
7621 4937
5160 7530
6237 5652
4937 3631
2624 3631
2028 5069
213 3631
1875 6673
4915 7631
3463 4937
6964 2028
6968 4915
3001 6673
4300 6968
9840 8294
213 6316
8971 3001
8966 8971
1468 3463
5073 8966
6213 8966
2420 1468
5183 5073
8568 2420
6673 4305
213 8586
4305 3800
1468 5000
1863 2624
9043 8568
3809 5069
2926 3800
8568 1966
3809 5581
8586 72
1044 1966
8586 6664
9679 4305
5000 3296
1181 1863
8283 1181
4917 1044
3463 6970
4744 8586
1130 1966
8971 9778
4917 642
2926 7017
9778 9718
4917 5596
7624 9718
5596 2769
3809 803
3839 2769
1241 2769
4461 1130
3296 3220
4675 5596
4675 9033
5581 8227
4675 7204
4741 4675
7624 1594
9033 1289
4675 7045
8227 8626
5943 1289
5787 5943
6989 8227
2016 7204
4266 1289
3529 2016
6989 1370
5943 7001
4980 5943
6542 5787
2016 4623
8626 5800
7249 4980
5800 5814
9888 7249
924 6542
3687 924
6081 4623
8227 97
5373 6081
56 97
6081 8893
4877 8893
9526 97
2627 4623
8286 5800
1450 2627
1450 4594
527 4594
2210 527
470 8893
7223 7017
5338 6081
5338 1710
8083 2210
3899 5338
573 8286
3899 6126
3899 4114
7001 6104
9721 4114
8286 9667
9667 6832
1128 6832
9667 4838
9667 1225
1949 9667
4838 4195
4114 1107
34 1128
1107 7039
182 7039
2998 573
4809 4838
6151 182
2173 1107
1200 6151
5994 3899
3667 4809
3100 2173
6472 4838
7328 4809
5994 3819
1949 3513
34 640
1200 7729
4130 56
3912 6472
3583 640
5253 2998
1710 9211
670 7039
670 3763
3763 5441
3763 7167
670 7859
3763 2252
2260 4809
7167 8526
3911 2998
7548 3899
1255 7729
9658 7548
9751 7548
7475 9751
9255 7328
3925 9751
3583 4703
3925 1826
5441 7740
7293 2260
7740 1234
9255 9056
3116 7293
731 1234
9056 7498
9056 24
2119 24
3116 3889
3116 8489
9255 7932
8816 3889
3889 1703
1703 9206
1255 9318
9206 3757
9206 348
8816 6091
2119 175
3697 731
7453 3697
5318 9056
9318 3846
9206 4061
175 8742
3846 2171
5298 6091
3581 8742
4061 1857
3581 2435
4060 5253
4916 4060
5298 1219
4061 2436
1470 4060
7349 1470
4916 8100
8699 8100
7243 5298
8699 798
8292 798
1470 8362
285 798
285 2386
8292 6013
9371 8362
8362 4312
6013 3721
4081 9371
9148 4312
2520 798
2520 558
7872 4312
8699 3028
9371 5448
285 4462
3715 2171
1288 2520
1983 9148
558 6106
2386 2575
5580 2575
5580 2714
6757 6106
7714 1288
144 5580
9911 1983
9911 9618
5395 4081
4081 4993
7413 5580
4993 4037
4037 9730
1485 9730
4906 9618
5491 4993
1485 170
6649 1485
170 5272
8383 4462
4906 2764
170 4929
8383 2367
6688 2764
5272 1663
2745 2764
5272 2105
5922 6649
2105 5089
1004 1663
1004 2570
2374 3721
779 5089
1744 1663
5922 845
8850 845
5491 4734
6553 779
7605 1744
3914 8850
2307 4734
2660 2307
9239 2660
2307 849
4870 2570
1960 1744
878 2105
9189 3914
849 4987
4872 1004
6649 6601
9189 8746
5021 6601
9400 1960
9239 4420
7836 9400
9239 6519
849 7574
7390 6519
6519 3815
7390 8595
6519 8741
4987 7876
8295 7836
5323 849
386 4420
9400 2493
1685 8741
2439 2660
8595 6322
2304 6322
2304 5281
4420 4103
4103 8254
7092 9239
1672 1685
7836 8377
5281 6770
1672 2416
7574 3269
1672 5742
7390 3862
6770 2819
4360 5742
675 6322
2439 5400
9466 5400
8150 3269
8150 4896
1475 8377
1475 81
7310 4360
9458 2416
81 7510
1780 9458
7836 3624
2046 1475
3976 1780
8150 9362
3624 9740
4307 9362
7510 2184
3624 8997
5102 4307
3624 9893
7136 5102
9458 7695
3862 7128
7695 7592
4896 3465
4928 3465
7128 4418
8799 4928
7136 4729
2194 4418
2194 7558
81 2535
2046 1631
4418 8838
9123 1631
1406 2184
4495 1406
157 2535
2194 3112
5198 7558
7558 3916
6526 1406
3916 6202
5198 5270
5270 5310
5310 3232
6202 8703
9123 53
6202 8388
4789 5310
5931 8388
9933 4789
552 7558
6903 5198
5310 6440
9930 7558
5866 5931
5931 1660
8363 3232
7360 6903
7841 8363
3526 5931
7558 3820
5310 405
3526 2825
6903 9106
6440 6000
2936 5931
8206 5866
6000 5417
5006 1660
9525 5866
8042 2936
5710 4789
9933 3295
7260 6000
2638 5006
2279 5866
9933 2737
2279 7485
1882 2825
5417 2247
2638 9732
5431 2638
3111 7485
4164 3111
5006 7767
7898 7260
6579 4164
1927 6579
9106 9370
7767 869
1882 2900
9673 1927
9673 4672
7766 3111
2825 9735
9041 7767
4255 5710
2900 3069
5328 4672
9370 7948
3069 8602
8602 6796
9041 4240
5664 7948
869 4520
4848 4520
8602 1724
8206 8121
7970 4255
6259 8121
1724 3018
3018 5751
8602 8450
9962 8450
7970 4105
2042 3018
657 1724
801 7970
657 6893
2042 3672
3137 6796
8325 8450
4273 3672
6611 6893
4273 9028
9962 9331
9331 4007
1742 8602
3672 5588
355 9331
935 9331
3386 935
9217 935
9028 8266
801 5162
5588 9972
7069 355
6893 5137
4007 115
7331 1742
9972 3297
9186 4273
7331 5884
4762 7069
1764 3297
5162 824
2606 115
9217 3969
331 4007
7331 2339
5588 9026
8266 3597
4805 3969
461 115
3442 5884
8268 5162
2586 3386
3597 5286
331 671
5325 461
331 8339
4762 60
2309 461
3442 7762
2027 2309
7203 2027
8101 60
60 503
503 2996
3881 8339
503 1157
5767 1157
2309 1442
8101 1865
3828 1157
4780 3881
2731 1157
8860 9217
4780 4847
9041 8558
1076 7762
8101 7716
1442 6171
4382 1157
3881 7052
6171 3177
8860 4489
477 60
5193 3177
5217 4780
7382 7052
2269 5217
1442 83
7318 477
2269 9981
2269 7307
3177 1830
8000 7318
7382 9787
4443 3177
9905 477
7307 23
8458 23
4443 9770
8558 5459
4899 5217
9770 4612
3970 5459
1076 619
4612 8270
619 3676
6252 4899
1156 6252
8270 1855
5658 1156
1830 8391
3944 7382
5928 1156
3944 5161
5161 4328
3406 1855
5590 3406
1156 9275
4612 7255
9770 7124
5161 2649
7124 3042
2649 1378
5658 1178
3375 7124
3375 190
9177 1378
9177 3456
8458 5559
5559 4150
8718 7124
1178 1252
4150 8459
3456 2292
6623 4150
6298 1252
1486 6623
8718 1085
6580 8718
2292 8585
6623 2298
2287 2298
2287 489
1537 1486
489 6449
489 6595
184 8459
3760 2287
1537 1970
3406 564
3593 2287
4376 564
3760 3587
5525 3760
3611 1486
6853 6595
5525 6241
564 967
6478 6853
2655 6252
2655 6325
8599 967
6478 1010
5252 564
4233 9177
2300 6478
5252 1936
8834 3587
7885 2655
8346 2300
8346 1946
1946 926
694 8599
926 202
3357 926
275 6325
275 3729
3729 7682
2942 8834
694 1917
1917 703
275 9486
1088 703
3319 8585
2942 9963
1088 173
6159 275
1127 3357
3747 9486
4610 6853
6715 9486
6704 4610
7113 9963
7113 3532
3532 2791
703 3578
3578 8135
4659 9963
3093 8135
173 387
1127 8872
5068 3578
8068 6704
2684 8872
2587 7885
431 387
5068 8927
3605 431
8937 8927
2978 431
6152 8872
6152 1078
9539 8937
2684 4650
695 1078
1513 8937
2587 163
4650 555
8594 3747
3407 163
3690 695
1513 4517
3558 6159
2950 695
6724 3605
4087 3690
2978 8290
7942 4087
4087 7098
8927 2459
4087 9098
875 9098
9133 7098
3690 4122
7942 9928
301 9098
301 7214
2953 4122
4122 9824
3248 9133
301 1711
7042 9824
7098 2380
301 1052
3013 555
6671 7098
301 4679
6671 356
8858 1052
7214 6020
4400 695
7214 7435
6020 8573
8669 7435
8858 3292
5874 8669
3478 4400
3292 2693
4679 8836
5772 3248
8836 6187
4400 3176
8759 3478
5757 8836
1254 1711
8669 3086
8573 100
3086 5515
1748 100
6979 5515
6020 8256
1748 5641
6662 8573
6662 9366
5647 100
3904 6662
5641 1940
3524 3086
6662 7741
7419 7741
3904 1614
5018 1614
2059 1940
5018 1336
3524 6207
2272 5018
249 1336
1940 9759
3114 9366
1539 3114
9712 1940
6979 7759
1336 5013
4598 5013
2924 9759
2534 1539
66 4598
9712 828
5874 8334
6898 66
828 3044
2059 1689
5018 3337
9903 6898
7923 9903
1689 6351
3044 5002
5002 3746
2321 5002
2242 6351
5013 551
9543 6351
8161 5002
4497 8161
151 6898
8123 8334
151 3106
9903 2469
2068 151
2242 6532
6493 2469
8123 8658
5449 6493
8962 8123
8962 9469
828 747
747 453
6264 8658
6532 4295
3383 6264
6264 7314
5748 3383
7314 3061
747 2532
453 7415
4861 6532
3489 6264
3106 4958
3106 715
8004 715
9903 2672
3383 8240
7274 5449
4024 9469
736 7274
2672 1451
1975 7274
4215 4024
362 8240
7274 3832
8240 9455
3832 5380
6885 747
2760 5380
5955 362
812 8962
329 4024
2148 1451
4958 3182
7274 5705
362 2620
8869 329
3618 3383
3888 2620
5258 5705
2394 1451
9877 5258
2495 9877
2148 4369
8869 704
5705 4646
329 8006
4571 4646
8744 329
8006 6997
4151 6997
5705 1896
3553 4369
4369 9321
5579 2495
9696 3182
569 704
2048 4151
9321 1445
5822 9696
1896 2648
4593 3618
4151 1403
8655 9696
9696 8611
4755 8655
4755 1040
9180 4151
9180 3863
2648 9708
9180 2357
4755 33
8655 7240
7427 8655
7162 33
8574 3863
8349 8574
9125 1445
6503 3863
4776 6503
7162 9130
3048 3863
950 6503
8349 2110
8039 7162
8039 3343
2553 3048
3048 8231
9130 8786
8039 7158
9847 569
3765 4755
9364 3343
8786 8661
112 2553
4873 2553
4873 8889
9125 2196
1896 7528
6463 8786
7799 6503
7799 4754
7799 3608
9245 7528
3288 9364
5354 9245
6587 2553
8039 6641
868 5354
9364 8411
4754 2810
8411 7883
8411 5679
3873 7883
1224 9364
4776 3026
2711 7883
5354 9111
5354 6810
8431 6810
3595 2810
8431 4134
8431 5184
6810 866
8802 4134
9111 7025
4749 112
3026 1922
7025 343
868 4251
343 9047
9064 4749
6935 4251
5074 8411
9047 4558
2230 7025
9064 1851
4749 5839
4134 5229
5839 8341
4749 887
887 8172
887 6094
9047 3505
1851 4830
6935 3225
4745 6094
3837 8172
3505 1861
6094 2241
7552 1861
1554 4558
4745 4908
323 7552
8754 3225
4908 9121
6288 4745
5522 323
9987 6288
3225 7663
6288 2219
7552 4990
3209 6288
4134 8800
6288 3686
2219 3603
3209 3382
7552 5591
3582 5591
2219 7610
8800 5965
4510 5965
5965 8885
9121 7687
7687 8332
1861 7524
6438 7524
5965 906
8332 4338
6130 6288
6288 3723
3720 3723
8513 3582
2219 1579
8885 5460
4510 506
1579 8421
8057 3720
3209 6101
5460 1964
6438 391
8404 6101
1964 6467
5965 5209
6101 6195
5167 391
5460 8211
5209 5442
5682 391
4510 7049
417 3720
2612 6101
5404 7049
7049 792
5167 6651
5404 4851
5209 2797
417 3629
6651 4837
4851 8345
5503 4837
900 7049
2797 1524
8345 6557
7201 8404
5503 8668
2880 900
4837 3217
391 3651
2880 6161
6083 5404
5503 3516
3516 9207
3651 2756
336 2880
7507 3516
8247 3217
2226 5404
7507 1858
8247 1850
7021 8211
7201 4759
4759 3167
6651 7144
735 4851
4837 2773
4242 7144
6032 7144
1858 7678
2886 2880
4011 735
3167 2636
2886 5667
9069 4759
2636 9005
5612 5667
9069 4596
5764 4242
3811 6032
9769 3167
2880 9023
8817 5667
2683 4011
8239 4011
4011 8684
7027 9769
8684 9087
3915 7027
4596 1740
9691 8239
6912 8239
3245 9691
727 6912
7678 8905
727 1987
6912 8765
727 601
5200 9769
8905 296
9087 7347
601 8783
2683 2941
5378 7347
1001 3915
2941 3305
1001 8541
3305 1041
5220 8239
8335 8905
4325 5220
3274 4325
8541 3520
6337 4325
4325 3519
6803 3274
776 6803
4084 6803
2199 1987
2719 4084
2719 8402
6803 1890
776 3758
3274 3508
1729 2719
8402 530
575 776
8905 2650
3952 575
3520 1529
6912 8828
8919 8402
8876 1529
3952 7519
529 7519
9344 6803
3669 8828
8876 6792
8828 3041
7257 9344
8828 2531
2531 6411
6411 884
3958 8828
575 2089
8828 8509
4713 3669
3669 7087
6411 907
2089 7928
6411 7364
4459 8876
1635 7087
1635 2685
6923 6411
8509 9409
2607 7257
6792 1629
9409 6585
2049 3958
2112 2049
2140 1629
4419 2140
9409 8529
2685 913
3378 2112
3008 8509
2005 9409
8961 3378
2140 1534
39 2049
1534 1081
1081 390
1635 5761
8725 2112
39 3488
575 9651
5761 7444
1758 2531
1758 2785
4774 3378
2656 1534
2002 8961
8823 7444
4342 3378
8823 753
2112 7409
9980 39
3140 8961
8462 8823
6043 9980
5303 7444
8462 4807
7302 2002
7928 920
220 6043
7417 6043
220 574
3488 4409
220 9103
220 3483
3864 3483
7417 8467
7302 7106
7106 2115
1223 4807
7265 9103
3929 7106
2938 8467
4684 7106
2938 4345
9483 4684
5680 3864
4825 7106
5564 574
7046 3929
5564 559
7417 5753
8177 2115
7587 4825
4345 2734
2448 8177
9737 2938
2734 2102
6043 297
1915 297
6559 9483
4409 3482
9737 3223
3940 7587
1613 5753
1460 1613
1460 8637
2734 518
3438 4825
8637 2441
8087 2441
6890 2441
626 8087
6890 7266
501 1613
5587 6890
8637 6479
6230 7266
9307 6890
4268 8087
2217 626
6230 3717
4268 5516
7982 6890
1613 2492
8327 6230
6230 7357
278 3717
8420 6230
7557 8420
6060 3717
3223 8189
656 2492
6060 3528
7692 3528
4275 3717
7557 6179
4275 4508
656 1206
4606 6060
1472 1613
1968 1206
3797 4606
2565 3797
6465 2565
9395 1472
6465 2178
971 2178
4275 7521
2155 1472
4889 2178
5729 2155
4606 3104
6060 6951
685 7692
6179 1782
6876 4606
1782 8440
6230 2497
1903 2497
1903 6629
9551 2155
3104 1029
5305 5729
3019 3797
8440 333
4705 3797
370 685
9035 8440
7209 370
3079 3019
9035 9224
8806 3019
3923 2497
333 5187
1324 3797
5967 1324
8410 1782
370 4279
3933 8410
9224 3244
7492 8410
3933 8582
333 7715
7715 2710
4939 8582
1306 2710
7420 1324
4939 6192
5144 1306
221 6192
3373 6192
8806 2969
8922 7420
3703 1324
9473 7420
9804 3079
3244 6631
5502 6631
4626 1324
221 8931
6631 3771
7492 1752
2969 3997
4626 3054
4737 5502
3054 3261
768 8931
118 4737
1752 2407
3997 132
7096 2407
9473 9964
6048 118
2969 8715
7090 768
3261 9282
3054 3648
2407 2815
3648 8265
7090 9151
7090 6012
9964 7792
6647 7096
9079 6647
5445 3648
1844 7792
7285 6012
3256 7792
8715 2634
9334 7285
5445 9536
2237 132
9536 4664
4144 9536
1948 1844
9282 3234
9633 1948
3234 149
4664 256
7138 4664
4498 9334
7151 1948
7792 4530
1008 9536
4144 3306
149 1459
1008 7764
7764 5526
2841 132
9633 6925
2014 1459
7138 4101
1286 7138
215 149
9467 1286
2841 2468
2198 256
4498 4191
6235 2014
2051 215
6925 840
2014 7800
187 1008
8481 3256
8619 215
4530 8579
4191 6703
6703 9221
4101 6338
6565 6235
3860 2051
5856 840
672 5856
8481 542
5856 4480
2382 542
1384 4480
3860 6270
4101 9773
6760 1384
9353 1384
8990 9773
1686 5856
1686 7482
7244 7482
818 2382
818 3469
9353 1070
8899 818
3469 4176
7474 8990
9682 3469
7686 9773
5330 3469
9881 3469
9881 3135
4176 5416
7848 9881
9881 3450
9496 3135
8730 5416
6111 5330
7686 894
4176 4603
4480 9852
9881 9992
9971 5416
1079 8899
4574 7244
9293 9971
7866 9971
3450 1282
2743 9971
9293 5014
438 1282
7866 3431
9852 5527
4806 5527
3548 4806
2743 4549
8098 3431
7848 5805
9281 8098
5805 1000
3548 1283
4730 5805
5014 2855
9281 4608
1283 3845
147 9281
3548 8315
2496 5805
2865 1079
5805 6008
9886 2865
5749 6008
5983 3845
5749 5825
6138 6008
4549 7718
5825 330
3845 2294
4730 7304
7291 2865
7304 5908
2177 2865
2875 7304
5389 2875
1869 2294
3431 359
3135 5401
7718 5425
1312 5401
5401 8535
1312 5816
6994 147
6994 3590
9523 6994
4978 5908
2294 7112
3590 7141
5913 3590
7670 5401
9478 7112
9478 7810
7291 9591
5913 2078
4092 2865
2294 2344
8324 8535
27 9478
5241 1282
7810 6730
4704 7810
4092 6047
3078 5241
5816 4089
1870 27
1507 6730
6317 27
676 3078
4089 6859
2197 2344
676 8952
8952 7414
6317 1654
7819 6730
676 5763
3345 7414
3215 5763
9594 1870
8054 3215
5960 8952
440 5960
3215 3844
5917 5763
9319 5917
3401 3215
4186 4089
3255 3345
2997 3401
3844 6520
6520 886
886 8720
6520 7206
4796 4186
692 8720
8272 4796
692 7391
4213 692
8720 3843
8272 6594
3844 5606
8054 3165
3401 9650
3843 9832
7391 5315
3495 1507
2997 8609
9832 7174
8379 9650
4143 8379
7174 272
449 6594
9650 9545
4143 4291
4998 9545
7391 713
3257 4998
3393 8379
7174 9562
3393 9460
3393 5847
7101 9562
3165 9339
5847 7074
7818 713
9744 7074
515 713
8726 9460
7979 9744
3325 515
9562 2682
4356 3325
9744 1120
8726 9910
4356 7239
1906 2682
4051 2682
3999 515
9339 2127
9593 8726
6354 4998
6189 7074
4304 9562
4304 4882
485 4304
4304 9139
7074 7033
9593 8118
491 4051
3311 3999
3681 4304
4643 6354
3681 7668
8217 4643
7668 9479
5204 9479
9479 6540
4030 4643
9139 9549
6702 4643
491 4407
7780 7668
7642 4643
8898 6702
5204 6584
7642 7619
4551 6540
8373 4030
4551 6732
7642 6975
6540 6371
6687 9549
645 6371
6371 1119
590 8898
481 590
6371 9750
6562 6371
481 108
6975 3239
590 9241
9488 6584
827 9750
6540 1476
3239 1623
1623 6612
7101 3859
3242 1476
9750 2473
2473 3129
7119 9241
8030 7119
4276 590
5122 8030
3242 6166
6612 705
3129 6589
705 5745
9289 1476
6589 6398
2473 1173
5122 5668
5668 9585
2204 9585
1173 1646
5396 8030
5998 827
6880 3129
1646 4227
6109 2204
9488 5547
5547 5594
5998 6346
1646 2647
8070 2204
267 4227
6261 6346
2868 6589
8338 705
6261 916
2647 1314
6166 9060
8226 6261
366 8226
539 8226
8070 4693
2868 2687
1341 2687
916 6969
9940 1341
7119 4488
6813 366
3049 9940
6813 3726
8226 6370
6904 1341
3726 6382
6382 5868
961 3049
1827 6813
138 1314
9174 138
4227 1585
9336 2868
138 5722
4463 1314
5722 8862
9336 4188
8862 2621
138 5886
961 1615
9210 8862
8360 9060
7175 8360
1325 5886
1615 4340
8070 7367
4955 5722
9210 8122
4955 4657
1585 958
7367 3020
1615 5712
4719 958
4824 4955
3171 4719
3155 8360
3171 5048
3155 4405
4405 2080
8282 3155
1831 8282
8958 2080
4644 8282
8965 4644
8965 1163
8407 1163
8282 5290
2080 6320
8122 2353
2744 3155
927 4644
991 4824
2353 4022
1831 9185
4752 927
3300 2353
2826 4644
5369 1163
8965 1603
6668 3300
6668 4599
7059 3300
3171 3461
8469 927
9037 3300
6668 2657
2973 4719
7957 2973
991 5976
7355 2657
2353 7095
2973 3280
585 4599
9315 8469
2984 7095
9112 585
91 585
9112 9389
9668 585
91 6960
46 3280
3280 6488
5719 6488
9668 9780
2984 6253
9313 46
46 7345
7345 9973
2087 6960
1343 5719
9112 944
3280 6987
9559 2973
6488 3260
6253 3792
2130 3792
5421 9559
245 7095
6293 5421
6960 835
7316 5421
6293 6556
7957 6758
944 1581
3491 1581
4050 835
917 7345
3491 479
245 4155
6293 5942
2130 6082
917 445
5942 4620
8154 6758
6082 6299
2192 4620
2192 8141
8141 2470
2352 8154
2192 9120
5942 7847
3014 2470
7264 2192
7264 3770
1806 4050
9031 6758
3910 3014
7264 6777
2470 8372
8698 1806
2352 5174
2192 8946
6837 8946
6837 6391
5203 3770
4252 5203
9120 794
8996 1806
5426 6391
5421 8456
3272 8456
8372 2995
4820 3272
6522 4820
3014 9200
1792 8141
1018 3910
4820 5735
1559 5426
1018 1196
9200 7225
1018 2519
2519 6073
2995 6716
4878 5426
8951 1559
4203 4620
844 4203
8951 4210
9090 2519
9090 5824
9775 5426
7225 2021
8951 4320
9090 478
4210 3924
5842 478
1005 6716
4210 3192
3192 629
9775 3652
2824 478
3192 3396
6716 7102
629 5635
5635 8942
3652 8043
1921 8043
8942 1294
8951 5597
3924 1360
1294 507
8951 1832
629 8714
8942 7713
4210 1344
8714 9444
6599 1832
6599 6339
2824 724
8043 5238
6599 9672
120 9672
9049 120
1309 1294
1477 9049
4979 9049
2229 3924
1344 73
9672 8077
1832 3536
7708 4979
6407 1832
421 7708
120 948
2229 4989
7708 2113
488 9049
7227 4979
1477 6665
6407 2784
4802 2113
8714 6191
6665 9503
421 9253
7227 2724
9868 7227
6742 4802
421 4832
7481 1309
4785 120
3133 6191
4832 4569
9794 4569
9253 6114
3133 7931
7035 6114
6742 1889
1889 5932
6742 4016
6328 6665
4569 4185
7931 763
6407 7403
9794 4747
6114 6572
6572 748
1809 2113
4185 4728
1809 5505
638 4016
4932 4569
6572 1448
1072 4832
1072 1404
1889 8168
8103 7931
4569 8673
3133 752
752 3545
748 4132
203 4728
7430 1072
4132 5730
204 5730
3545 4348
4348 6492
1448 7635
7635 4147
8103 4905
8673 8629
4147 9092
5882 4147
8673 5244
6114 4951
5244 2889
6145 5882
8104 4132
5244 5319
1448 420
7814 8629
420 6424
8104 7152
5244 6112
9884 420
7814 9945
7152 3829
7947 8104
7947 1073
4147 339
315 9945
5947 6112
3829 2990
6277 7814
5551 6277
4086 315
420 4261
4261 2515
6112 5024
1688 5024
7120 3829
6776 8629
6277 762
5453 7814
6776 2830
4981 7120
4981 9463
725 5024
3812 725
4981 1260
4045 7814
5453 2959
8307 6776
2959 1183
2853 2830
3812 3207
4045 8910
4086 3210
4981 856
543 1688
3210 7455
3812 9208
4261 3568
9191 3207
8910 7584
9373 7455
9191 6814
8682 9191
1134 9208
6666 9373
6269 1134
2325 6666
4166 8910
543 4753
2325 2732
9373 136
7813 6277
2324 7455
2324 1273
4166 1067
1961 1273
2324 6536
3991 8307
2732 6654
586 2324
7754 2732
2324 4821
4821 2313
7726 7754
3882 6536
7726 7436
4166 2845
5851 8682
4821 8986
6954 9373
5851 9165
8986 1284
3198 9165
2324 368
6819 9165
2342 2313
368 863
1258 3198
8986 9303
5188 2845
8616 1258
6254 9165
8419 3882
8986 3936
8616 8686
8686 3607
8419 5386
2342 1582
7321 5386
3607 8822
1137 8616
5188 5483
6954 618
618 258
8822 3476
3476 1892
8575 258
7583 618
4444 3476
7798 8616
6802 7583
9303 1859
7583 4442
233 4444
6536 5107
4442 7086
6802 9305
618 6545
3617 9305
2138 6802
1930 6802
7086 8058
3607 2794
3617 2190
1930 4468
9218 7321
1512 9218
5603 2138
3877 4468
3617 7107
4468 2679
1841 4468
5972 2679
4137 4468
1930 9014
597 7107
1291 597
6120 5972
850 5972
9709 6120
233 5450
5 850
4494 9709
2423 5603
6120 7118
4494 889
889 4256
892 850
4472 889
9709 9356
3617 8186
9082 1291
3919 2794
892 8400
1291 8929
7544 8186
5152 850
5 6212
4472 2761
5563 6212
7854 5563
6212 3039
5479 3919
2761 1465
7854 4618
8929 8981
2761 167
3348 8981
9252 9014
9421 6212
6365 1841
1465 6045
8186 5971
7638 7854
4163 8981
2511 7638
7638 4383
4088 2511
7912 7638
1578 3039
5971 6007
4163 1430
5022 7912
6365 5835
1465 9614
9614 2948
8204 6365
9614 4791
8204 2409
6007 3424
4088 6713
2948 5902
5973 6713
1578 7425
9212 1465
7425 467
7901 2409
7901 3861
5902 7176
4961 7176
3178 4961
4149 2409
7366 2409
3178 6598
6045 7704
4812 7704
3861 7072
4812 7904
970 4961
3861 560
6713 4486
560 7827
2986 7827
227 7072
3895 7827
7704 2736
3895 1199
1199 6266
1199 7368
6019 7904
6474 7904
6019 6888
6019 5274
7163 5274
5274 756
653 4486
3724 3895
970 968
681 1199
9039 1465
5464 9039
1437 6598
3895 3615
4260 3615
3724 5933
588 5933
7218 6474
1530 3615
8728 7218
9039 5995
4099 3724
588 6268
7218 8149
681 8867
1530 6984
8235 968
9190 9039
653 5046
4631 3615
4668 5046
6984 1160
4206 9190
8867 3085
5046 4859
8149 5435
968 8280
681 494
5995 2349
4152 2349
4859 5568
4668 2703
5568 9854
5435 2157
5568 5900
9511 6984
6984 3596
8149 3494
494 5892
4062 5892
5027 4206
7843 4152
9061 2349
2349 4209
9101 7843
5134 4209
2906 4209
9790 2906
3783 2157
4363 9790
9790 5708
5892 5690
4363 9647
2798 3596
2798 5801
4712 2798
6692 5708
9511 6848
8821 4209
6848 4243
2205 6848
3901 5134
6692 6993
7236 9061
7236 2718
2718 2302
7564 2302
9338 2302
7236 9617
3953 5027
7564 9295
6993 3252
6993 4845
3856 3901
8246 3252
2291 3252
9295 9874
9295 1644
7937 4845
4581 7937
3856 4853
2291 8009
3901 6752
6035 2291
9338 139
6157 6035
7937 1588
9982 6157
139 8988
9499 1588
4853 1543
7925 2205
939 6035
9982 3857
2449 8009
9499 9322
9617 373
2827 494
1426 2827
6549 4581
3646 3953
6549 4771
3896 2449
3896 1032
1543 6399
6549 7294
5823 939
3856 5176
2280 9499
4803 4243
7091 1426
373 2120
4771 2471
2120 1298
4544 6549
2120 2464
2746 4544
6549 4975
4682 4544
2433 4682
6399 1789
1997 4803
1212 5176
4544 7479
6119 4682
6658 1997
2433 4947
1212 293
7294 3420
1212 99
5784 6119
2603 5784
4975 2057
2603 749
3420 9175
2970 2603
2057 3025
4373 3025
7441 4373
4373 540
5038 7441
3420 2251
688 5038
4552 5784
2852 3420
226 99
5820 99
693 5784
688 7924
7441 2862
2862 5377
226 3403
371 4552
6508 2970
