50 500
964805276 407564163 16706786 143786803 111272624 976307833 393513493 133747060 241807833 222424150 620849857 328581191 618827536 361953418 721962065 355364318 590092627 527748134 154639989 169876555 332891683 943562337 779893152 732583944 457927173 746097940 357378953 405351024 321339649 858212159 699528618 20048963 935691558 323246978 151301572 378938406 95549188 581157028 650279513 398069025 742405680 69382160 344532785 353911583 863317444 782949971 129300950 793280369 590378204 120986016
16 9
20 25
9 28
25 38
12 9
36 9
9 17
10 9
33 9
35 9
9 19
48 9
25 23
4 9
1 25
29 25
32 4
9 30
25 7
49 45
9 14
9 6
9 18
37 49
9 49
9 31
44 2
44 8
25 39
5 9
46 9
21 4
24 9
40 25
4 22
9 42
9 34
50 9
9 25
43 9
43 13
9 27
44 9
35 47
15 9
26 35
9 41
9 11
3 9
