500 1000
256535380 401913464 320625706 599526563 326324095 849634308 588817711 629283814 117443065 248460002 588621154 499850596 323652057 667635303 882346267 975987842 299208920 682392360 764218262 212653611 722578390 900837762 236874100 553869643 943649619 336034834 203823929 258571091 398407158 235829309 845791180 240917688 466760970 31131817 847399161 304803700 770175228 254090690 772858354 700336004 761108958 739518006 404428746 342611816 244482535 714372985 894344185 356775078 950248433 158427202 319356635 782873158 589844474 88500492 815076912 365696855 603825571 189512342 585497502 87836521 522496180 45620836 575384362 223998738 642862998 11945275 363730371 414105706 332254167 977402281 366922167 149995918 308176042 66401403 199599420 552980768 8615268 273375556 553099497 847129285 619982848 939164893 405263418 926726566 426069916 801052127 241341455 420378864 572382970 896438571 499334957 690942548 526039808 413608035 805326011 105826439 102409016 95751790 21272775 213210563 420799569 834323960 88927935 447667268 280408732 475215855 504914424 392510669 892500112 550157319 336294443 921496352 790969158 470768951 100150259 608988297 466331389 203104314 169100624 946961492 212011415 438024207 2127398 589580882 132039963 669761658 776532671 474234713 8512049 124682368 62505541 149650369 348093609 592512239 666779465 670684647 504726516 13502164 540576831 398009517 844406185 427102210 202820095 956085240 363012610 838107026 779456070 902702385 497557596 122859613 765706291 628320197 682767291 895451012 641285834 498936741 958340931 394261737 56182132 653011911 334053056 327680435 649694333 767098531 272432927 495512270 867120533 986182838 748500211 845077352 555339856 824588546 941079281 315242870 23244966 858153868 969461876 224883245 571646835 349451229 449933817 890400905 571725048 602920834 418723236 8600009 566032728 8599180 324234170 230246896 172905244 775143953 689717029 569266758 510970288 590936233 853551091 100294102 965787620 184799473 127045591 401844206 422944875 3738636 334298791 498951841 35271775 108373021 684874972 470174024 413606843 526607054 536064533 292585213 384603104 581678540 126768532 290069278 849207825 571108168 229400767 469999056 565020662 314324599 312316320 571190906 828036637 432034835 893597030 648990277 492141684 963093209 378562274 273503907 885733585 851768841 612018955 358003141 733979498 619689449 566372730 13941027 547108701 858336322 520297199 320335865 287287081 749683425 732069834 710431684 818111795 992451608 371130514 668241608 111172675 937659194 381838962 574274189 547497476 948735266 673489335 972709470 174976391 41155757 72176211 878503881 276728256 282109755 421338717 222363937 713244680 981266226 51274383 343606783 255136409 116573819 744293063 919566269 786186005 962006275 668826246 865592314 262720256 2875 672528756 427775257 362989121 56756889 392104922 411824321 384281509 329950741 903925030 373374558 66170204 635443373 47684715 403458463 38629242 309711841 443678430 28422390 165500023 461063735 928098394 865139739 810597296 802379704 411413981 873152137 311615972 540870257 349387273 808776704 354955703 277763316 785116068 407778561 26011186 302001364 995990552 451382613 67580737 111443244 641124339 97888903 612236852 107577625 758279016 39930469 179547710 828225083 412752077 479290755 267901177 880384824 944812315 924501431 85496545 422742586 131431537 196016798 699550164 772449132 354972818 986185750 551390104 330773376 422102882 124506818 677731925 421949996 356502892 957080713 693468439 800180392 988061279 727949591 297115725 700511793 610254220 874143835 503061069 768624266 664615530 561834247 256956878 990369910 484247315 497356052 463497836 755332159 100359876 248805947 511575335 342794290 320881761 604691580 624602340 19292449 21276398 269622939 708299499 943498975 887450135 597221534 146807143 744838856 45472425 231210577 224710121 672712246 76154647 32767938 53401574 536232205 16439798 790439877 560398644 348048432 677929601 127051888 473198737 407331849 70293269 567139232 17704476 354658565 100098486 274031475 60299226 202670614 687791753 866734796 497441842 671761199 153780312 381507539 943766129 924967372 547697425 760542322 246170951 270546279 224897095 27884761 475672905 376327684 750725551 645098490 681397613 182733478 450890149 124431373 252968336 173582295 689526181 824035598 271074035 704677412 846446290 356428090 206783674 385613983 671164530 358023574 707376748 433697116 173566575 927881320 643185270 442169844 119199192 839875004 741886120 745859077 43405150 638551008 382091958 899153327 504620503 860362728 760081592 795730456 185647807 799273515 221880234 375761897 996048050 716404419 605375981 133331408 415921651 696149009 749516228 349387004 450273513 356740920 492875224 173952420 616325788 336489117 549893557 863938944 429542716 489170541 485429323 43938382 552767131 519987479 765545069 50521167 653655214 257544142 818996565 932313287 942988303 576638216 50131742 251275392
27 300
48 384
175 430
321 332
81 275
282 442
210 326
156 171
123 451
363 14
168 199
224 305
12 124
427 209
466 444
108 152
114 494
232 213
468 308
471 291
478 417
256 344
183 241
127 452
326 384
311 286
414 369
34 202
387 47
4 459
384 297
87 80
198 83
484 329
205 255
323 30
32 174
406 182
375 315
100 420
191 62
496 29
110 242
136 238
334 472
280 134
399 41
487 7
16 419
152 264
303 422
496 395
162 333
334 238
475 277
206 381
91 202
431 254
86 318
302 120
125 185
75 111
474 389
73 103
123 122
441 296
152 347
80 246
181 71
307 20
391 340
233 46
366 476
370 202
317 461
453 16
135 224
230 214
41 470
284 444
61 43
454 142
39 221
102 17
220 431
257 203
281 97
387 70
130 284
199 275
101 418
487 270
126 3
235 254
305 475
233 154
64 117
341 469
358 268
167 488
290 232
402 394
181 291
180 62
269 316
105 386
57 193
201 211
269 429
415 324
81 337
140 15
115 96
344 394
453 231
191 78
354 449
387 237
157 143
376 283
55 429
227 362
239 40
309 460
451 285
164 379
61 189
26 116
122 412
345 173
467 1
301 239
278 120
240 152
375 362
360 391
439 135
160 249
131 488
352 2
179 476
5 276
4 222
291 357
6 376
67 86
344 390
66 103
206 11
448 463
192 205
411 207
390 392
346 382
287 367
229 483
8 318
236 365
311 2
453 458
473 181
137 281
82 178
167 355
365 439
376 19
406 49
230 435
122 300
295 221
197 238
424 112
87 79
52 362
7 90
188 336
340 336
210 499
264 294
351 387
252 239
448 454
183 325
397 288
375 138
93 497
458 434
245 35
331 499
492 196
209 253
178 2
480 129
496 225
261 380
204 2
67 139
98 160
244 76
59 116
95 341
441 470
436 350
315 310
293 426
481 25
301 455
440 378
21 445
443 387
36 278
490 289
450 201
74 467
36 68
220 75
186 97
87 416
389 133
9 301
149 293
489 375
304 456
360 321
377 64
97 482
429 477
226 394
246 208
475 134
43 49
266 213
422 456
464 325
108 295
247 201
401 411
459 408
373 437
320 355
43 433
239 99
93 37
466 128
155 201
418 382
323 220
383 351
466 148
453 367
450 179
404 246
244 5
421 497
187 141
431 423
447 329
347 343
235 378
328 65
349 225
159 387
182 454
160 407
212 250
359 161
358 60
215 32
496 271
40 28
355 125
170 194
263 435
494 387
498 19
476 479
326 109
372 132
379 409
488 298
154 276
28 482
50 47
226 338
156 480
307 153
444 439
54 330
258 192
41 104
272 117
63 198
197 276
55 89
194 155
176 80
121 190
106 281
52 369
348 483
166 116
249 228
12 459
150 254
256 166
314 197
92 373
361 200
341 172
176 431
155 282
40 262
478 170
195 242
438 341
480 184
186 173
139 425
61 274
400 183
150 468
256 493
118 144
494 444
223 470
203 262
304 90
153 234
62 299
98 335
251 368
60 377
457 314
418 409
156 330
68 63
416 460
356 50
28 207
319 270
2 23
360 158
64 269
372 370
183 113
354 454
109 491
428 243
22 63
348 170
374 408
428 223
440 273
4 436
66 396
287 168
403 163
205 53
24 212
353 306
143 90
95 489
467 339
356 169
373 186
46 33
485 103
260 447
94 160
336 261
177 412
385 334
244 141
125 145
86 73
46 227
489 289
340 408
194 405
403 387
267 302
216 118
165 334
112 24
464 367
264 128
261 364
142 88
211 462
143 250
405 255
81 429
401 77
214 247
411 303
96 208
21 449
292 85
147 199
452 245
129 30
35 144
25 69
431 321
431 451
462 123
219 97
291 228
66 161
146 425
220 296
84 22
246 100
308 162
18 400
175 231
149 230
56 177
279 126
446 131
431 384
217 246
265 355
282 393
26 413
324 34
251 168
272 322
279 10
45 365
14 66
312 228
233 105
65 355
463 486
22 252
52 44
382 421
23 143
403 410
428 495
306 131
209 205
500 356
400 185
203 361
7 38
325 248
472 376
288 213
122 81
11 68
18 3
436 465
27 42
357 195
132 406
15 72
461 178
482 69
280 116
13 447
31 259
68 17
181 412
92 51
290 130
482 292
87 151
432 59
264 388
453 119
15 60
273 398
371 245
139 327
234 389
411 457
215 320
182 193
464 45
485 107
73 212
218 115
21 138
243 58
121 51
474 180
291 349
458 409
118 107
329 488
419 31
39 196
149 313
121 447
299 345
98 342
163 74
